13.736435
-3.3609666723483755
17.025768
-3.3603929070811156
25.223571
-3.362556456515873
11.743447
-3.3594308293856505
24.732542
-3.36077345360194
22.287233
-3.364437901663446
10.443887
-3.36255376418018
15.998751
-3.358598024573284
9.901382
-3.363229873135645
10.794842
-3.360778015767404
24.631855
-3.3619547937941565
27.979532
-3.363366430409781
17.214601
-3.3627518755487205
5.341524
-3.3593493219911204
6.993513
-3.3563650065743946
7.657678
-3.3605376430469294
18.298432
-3.3642164943671022
16.253967
-3.361381685700009
13.531057
-3.3606527530070087
5.284535
-3.359831963942853
40.97396
-3.338175321116748
4.226242
-3.3242192485881414
7.000638
-3.322015171592841
8.15215
-3.3204702922562097
6.476583
-3.3212291355584096
11.353263
-3.3245936572475028
6.360387
-3.323708989178359
6.24575
-3.321463706017219
5.97842
-3.3205938283571292
36.305134
-3.323548976924652
10.61333
-3.328015266584854
15.235163
-3.3268328536788814
16.82931
-3.3215988323327132
7.886987
-3.324175935221599
29.851645
-3.3240659546554716
5.447069
-3.3228565205269223
34.463256
-3.3281069614656396
4.953928
-3.319675617398168
10.015082
-3.324684077935513
7.806791
-3.3273796306435672
9.197991
-3.3260013147076637
6.495059
-3.3229195930953614
53.322795
-3.3268253323761896
14.369927
-3.326231783957042
4.157589
-3.319960888526631
15.211108
-3.327078985502112
9.298544
-3.324703796368901
8.745641
-3.3246339025338316
4.687607
-3.325133993479254
5.646769
-3.323409185592012
