6.419684
-3.3585968226974035
10.797756
-3.48824244155215
3.752741
-3.3742038075854204
7.485954
-3.981622478605588
30.776048
-3.362295160843046
8.201067
-3.361757518305835
5.159596
-3.3620070328497036
18.060353
-3.4883363727702394
5.485822
-3.357533109990046
14.920449
-3.363029902473625
2.942646
-3.356604877860213
14.326562
-3.3873371482476013
6.976916
-3.606778103696757
9.63177
-3.587117275889567
3.461735
-3.375887902162593
23.822711
-3.3594604903161764
4.571746
-3.365983704909043
6.379414
-3.3619018173054545
3.157562
-3.6656402727728388
19.500355
-3.751887912522499
11.42317
-3.3450164803441327
13.746338
-3.4637920405869633
6.619511
-3.32147531162053
2.384475
-3.3295451749574028
6.008545
-3.883084161964
4.125212
-3.3319487144856974
9.48483
-3.3273815543022454
4.614645
-3.3509364253986806
22.040716
-3.830061306924792
5.98388
-3.551542594335249
8.221042
-3.323606351950148
8.182114
-3.5289814430973725
4.748362
-3.327851778647998
5.871244
-3.537404057048671
11.283994
-3.322734718562509
5.895354
-3.3278887158092956
4.439717
-3.510458446542054
2.577671
-3.3212268034134826
3.643864
-3.3218615099608955
5.151092
-3.490384594421573
4.582209
-3.3208792134919336
8.206099
-3.322659382907601
7.5211
-3.3928229437932673
6.408203
-3.6821961727591495
9.403896
-3.321410492400255
8.291456
-3.3252026054913086
7.836817
-3.3189117640857515
2.858489
-3.4143195720888495
7.081715
-3.542696747266708
4.988218
-3.3611267525563373
