1.357926
-3.354216023778278
1.354296
-3.3542145177745133
1.514066
-3.354216023778278
1.205826
-3.354214959774734
1.57735
-3.3542175297865615
4.128391
-3.877971349448206
2.221664
-4.2577607529706585
1.351561
-3.3542165257805374
2.438026
-4.212848811570358
1.90006
-4.359855485729902
2.380184
-3.3542140157742626
1.299029
-4.3626935460598615
2.261674
-4.255795378608296
1.404943
-3.354218473790547
2.638461
-3.354213568788983
2.021454
-4.212993751370631
1.341545
-3.354218075744154
2.141466
-4.2557501902889445
1.146267
-3.35421746978352
1.982707
-4.218166687301555
1.623098
-3.334018826997292
2.298747
-4.166540684307071
1.600497
-3.3204305107532157
1.233491
-3.320430576126231
2.683589
-4.222544659055833
2.935823
-4.335878519685973
1.413738
-3.3204309030254615
2.886829
-4.336233505562502
1.057008
-3.3204293220183474
1.675037
-4.166361084244607
1.288872
-3.320428202634473
1.936577
-4.166988169978974
1.232092
-4.70672530325554
1.716168
-4.21804875838234
2.03341
-4.336777899572829
1.299605
-3.320429091209754
1.591886
-3.3204291258767205
2.165787
-4.166664549358127
2.184214
-4.543686083294666
1.106499
-3.320428956581047
1.290031
-3.3204277410159757
1.197171
-3.3204279185114554
1.625005
-4.706999985047755
1.826403
-3.3204305107532157
2.409447
-4.5439743495741345
1.457266
-3.3204298183129994
5.978958
-4.651855567381789
1.356361
-4.166316322512198
1.202672
-3.32042838973538
2.610702
-3.320430145213969
