unknown MCGT
0
0.00485 0.0 0.0 0.35419 0.00192 0.0 0.0 0.15567 0.02003 0.0 0.0 0.0 1e-05 0.0 0.0 0.0 0.0 0.0 0.0 1e-05 0.0 0.0 0.0 1e-05 1e-05 0.0 0.0 0.0 1e-05 0.0 0.0 0.0 2e-05 0.0 0.0 1e-05 0.0 0.0 0.0 5e-05 1e-05 0.0 0.0 0.0 0.00333 0.0 0.0 0.0 0.16391 0.0 0.0 0.18034 1e-05 0.0 0.0 0.04182 4e-05 0.0 0.0 0.0 0.00347 0.0 0.0 0.0 0.0 0.0 0.0 1e-05 0.0 0.0 0.0 0.0 0.0 0.0 0.0 0.0 1e-05 0.0 0.0 0.0 1e-05 0.0 0.0 0.01379 0.00012 0.0 0.0 0.05633 2e-05 0.0 0.0 0.0 0.0 0.0 0.0 0.0 
0 0 0 0 0 0 0 0 0 0 0 0 0 0 0 0 1 1 1 1 1 1 1 1 1 1 1 1 1 1 1 1 2 2 2 2 2 2 2 2 2 2 2 2 2 2 2 2 3 3 3 3 3 3 3 3 3 3 3 3 3 3 3 3 4 4 4 4 4 4 4 4 4 4 4 4 4 4 4 4 5 5 5 5 5 5 5 5 5 5 5 5 5 5 5 5 
-1 --5 6 0 -2 -4 -3 1 2 4 ++10 7 3 5 8 9 -1 --5 6 0 -2 -4 -3 1 2 4 ++10 7 3 5 8 9 -1 --5 6 0 -2 -4 -3 1 2 4 ++10 7 3 5 8 9 -1 --5 6 0 -2 -4 -3 1 2 4 ++10 7 3 5 8 9 -1 --5 6 0 -2 -4 -3 1 2 4 ++10 7 3 5 8 9 -1 --5 6 0 -2 -4 -3 1 2 4 ++10 7 3 5 8 9 
0.0 0.0 1e-05 1e-05 1e-05 0.0 0.0 1e-05 1e-05 3e-05 2e-05 1e-05 2e-05 1e-05 1e-05 1e-05 2e-05 0.0 2e-05 0.29443 0.0 1e-05 0.0 0.21679 7e-05 0.02892 2e-05 2e-05 5e-05 1e-05 2e-05 1e-05 2e-05 0.0 0.00765 5e-05 1e-05 0.0 0.0 3e-05 9e-05 5e-05 0.00827 0.00019 2e-05 2e-05 0.00452 0.0033 1e-05 0.0 4e-05 2e-05 0.00787 0.0 0.0 1e-05 3e-05 2e-05 0.00382 5e-05 4e-05 1e-05 3e-05 2e-05 0.04253 1e-05 0.02303 0.15634 2e-05 0.0 1e-05 0.03417 0.06527 0.01352 2e-05 0.00761 0.06662 3e-05 0.01352 5e-05 0.0 0.0 0.0 1e-05 0.0 0.0 0.0 3e-05 1e-05 2e-05 1e-05 0.0 2e-05 1e-05 0.00057 1e-05 
0 0 0 0 0 0 0 0 0 0 0 0 0 0 0 0 1 1 1 1 1 1 1 1 1 1 1 1 1 1 1 1 2 2 2 2 2 2 2 2 2 2 2 2 2 2 2 2 3 3 3 3 3 3 3 3 3 3 3 3 3 3 3 3 4 4 4 4 4 4 4 4 4 4 4 4 4 4 4 4 5 5 5 5 5 5 5 5 5 5 5 5 5 5 5 5 
-1 --5 6 0 -2 -4 -3 1 2 4 ++10 7 3 5 8 9 -1 --5 6 0 -2 -4 -3 1 2 4 ++10 7 3 5 8 9 -1 --5 6 0 -2 -4 -3 1 2 4 ++10 7 3 5 8 9 -1 --5 6 0 -2 -4 -3 1 2 4 ++10 7 3 5 8 9 -1 --5 6 0 -2 -4 -3 1 2 4 ++10 7 3 5 8 9 -1 --5 6 0 -2 -4 -3 1 2 4 ++10 7 3 5 8 9 
-0.0 -0.0 -0.0 2e-05 1e-05 -0.0 -0.0 4e-05 1e-05 2e-05 -0.0 -0.0 1e-05 1e-05 1e-05 -0.0 1e-05 -0.0 1e-05 0.32544 -0.0 -0.0 1e-05 0.07331 7e-05 3e-05 1e-05 2e-05 3e-05 2e-05 -0.0 1e-05 1e-05 -0.0 1e-05 0.22709 1e-05 -0.0 -0.0 0.20549 0.05395 0.01494 1e-05 1e-05 3e-05 0.01335 1e-05 -0.0 1e-05 -0.0 -0.0 7e-05 -0.0 -0.0 -0.0 7e-05 3e-05 6e-05 -0.0 1e-05 0.00011 2e-05 1e-05 1e-05 1e-05 -0.0 0.00154 2e-05 -0.0 -0.0 -0.0 3e-05 3e-05 3e-05 0.00314 1e-05 1e-05 1e-05 -0.0 -0.0 -0.0 -0.0 -0.0 2e-05 -0.0 -0.0 -0.0 0.08081 1e-05 1e-05 -0.0 -0.0 1e-05 1e-05 -0.0 -0.0 
0 0 0 0 0 0 0 0 0 0 0 0 0 0 0 0 1 1 1 1 1 1 1 1 1 1 1 1 1 1 1 1 2 2 2 2 2 2 2 2 2 2 2 2 2 2 2 2 3 3 3 3 3 3 3 3 3 3 3 3 3 3 3 3 4 4 4 4 4 4 4 4 4 4 4 4 4 4 4 4 5 5 5 5 5 5 5 5 5 5 5 5 5 5 5 5 
-1 --5 6 0 -2 -4 -3 1 2 4 ++10 7 3 5 8 9 -1 --5 6 0 -2 -4 -3 1 2 4 ++10 7 3 5 8 9 -1 --5 6 0 -2 -4 -3 1 2 4 ++10 7 3 5 8 9 -1 --5 6 0 -2 -4 -3 1 2 4 ++10 7 3 5 8 9 -1 --5 6 0 -2 -4 -3 1 2 4 ++10 7 3 5 8 9 -1 --5 6 0 -2 -4 -3 1 2 4 ++10 7 3 5 8 9 
-0.0 1e-05 -0.0 6e-05 -0.0 -0.0 -0.0 0.00023 4e-05 1e-05 -0.0 -0.0 1e-05 1e-05 -0.0 -0.0 -0.0 -0.0 -0.0 3e-05 -0.0 1e-05 0.00488 2e-05 1e-05 -0.0 -0.0 -0.0 1e-05 -0.0 -0.0 -0.0 1e-05 -0.0 -0.0 0.07392 -0.0 -0.0 -0.0 6e-05 0.01694 1e-05 -0.0 1e-05 0.00501 1e-05 -0.0 -0.0 1e-05 -0.0 -0.0 0.49492 -0.0 0.0008 -0.0 0.04109 0.02158 0.00093 -0.0 1e-05 0.00476 0.00172 -0.0 -0.0 1e-05 0.00307 -0.0 1e-05 -0.0 1e-05 -0.0 1e-05 0.00138 1e-05 -0.0 -0.0 1e-05 -0.0 -0.0 -0.0 -0.0 -0.0 -0.0 0.0001 -0.0 -0.0 -0.0 0.32664 0.00169 1e-05 -0.0 -0.0 1e-05 1e-05 -0.0 -0.0 
0 0 0 0 0 0 0 0 0 0 0 0 0 0 0 0 1 1 1 1 1 1 1 1 1 1 1 1 1 1 1 1 2 2 2 2 2 2 2 2 2 2 2 2 2 2 2 2 3 3 3 3 3 3 3 3 3 3 3 3 3 3 3 3 4 4 4 4 4 4 4 4 4 4 4 4 4 4 4 4 5 5 5 5 5 5 5 5 5 5 5 5 5 5 5 5 
-1 --5 6 0 -2 -4 -3 1 2 4 ++10 7 3 5 8 9 -1 --5 6 0 -2 -4 -3 1 2 4 ++10 7 3 5 8 9 -1 --5 6 0 -2 -4 -3 1 2 4 ++10 7 3 5 8 9 -1 --5 6 0 -2 -4 -3 1 2 4 ++10 7 3 5 8 9 -1 --5 6 0 -2 -4 -3 1 2 4 ++10 7 3 5 8 9 -1 --5 6 0 -2 -4 -3 1 2 4 ++10 7 3 5 8 9 
1e-05 2e-05 2e-05 1e-05 4e-05 0.0 1e-05 3e-05 2e-05 0.00664 1e-05 1e-05 5e-05 2e-05 3e-05 2e-05 0.02048 0.00548 0.06574 4e-05 0.0 0.00401 0.0 5e-05 0.00164 3e-05 0.00334 2e-05 8e-05 5e-05 2e-05 2e-05 1e-05 0.0 0.00041 3e-05 2e-05 0.0 0.0 4e-05 0.02415 0.06094 6e-05 0.0405 0.10074 0.06001 7e-05 0.0001 1e-05 2e-05 6e-05 2e-05 1e-05 1e-05 0.0 4e-05 0.0123 7e-05 0.02547 2e-05 0.01019 8e-05 0.03136 0.01862 1e-05 0.01615 4e-05 4e-05 0.03758 0.00518 0.01084 0.15787 0.09747 0.05566 1e-05 0.01006 0.03246 0.05163 1e-05 0.01807 1e-05 0.0 0.00511 1e-05 0.00273 0.0 0.00564 4e-05 1e-05 0.00014 1e-05 0.0 3e-05 1e-05 2e-05 1e-05 
0 0 0 0 0 0 0 0 0 0 0 0 0 0 0 0 1 1 1 1 1 1 1 1 1 1 1 1 1 1 1 1 2 2 2 2 2 2 2 2 2 2 2 2 2 2 2 2 3 3 3 3 3 3 3 3 3 3 3 3 3 3 3 3 4 4 4 4 4 4 4 4 4 4 4 4 4 4 4 4 5 5 5 5 5 5 5 5 5 5 5 5 5 5 5 5 
-1 --5 6 0 -2 -4 -3 1 2 4 ++10 7 3 5 8 9 -1 --5 6 0 -2 -4 -3 1 2 4 ++10 7 3 5 8 9 -1 --5 6 0 -2 -4 -3 1 2 4 ++10 7 3 5 8 9 -1 --5 6 0 -2 -4 -3 1 2 4 ++10 7 3 5 8 9 -1 --5 6 0 -2 -4 -3 1 2 4 ++10 7 3 5 8 9 -1 --5 6 0 -2 -4 -3 1 2 4 ++10 7 3 5 8 9 
1e-05 -0.0 -0.0 5e-05 1e-05 -0.0 -0.0 3e-05 1e-05 1e-05 -0.0 -0.0 0.00031 -0.0 -0.0 -0.0 0.01989 -0.0 -0.0 6e-05 -0.0 -0.0 -0.0 0.00641 3e-05 1e-05 -0.0 -0.0 0.00713 1e-05 -0.0 -0.0 0.20282 -0.0 -0.0 0.19764 0.00011 -0.0 -0.0 0.00014 0.00749 1e-05 1e-05 1e-05 3e-05 1e-05 -0.0 -0.0 0.07311 -0.0 -0.0 0.00027 1e-05 -0.0 -0.0 5e-05 0.01076 0.00133 1e-05 0.00779 0.00709 1e-05 -0.0 -0.0 0.0098 -0.0 -0.0 1e-05 -0.0 -0.0 -0.0 1e-05 2e-05 -0.0 -0.0 1e-05 1e-05 1e-05 -0.0 -0.0 1e-05 -0.0 -0.0 0.40572 -0.0 -0.0 -0.0 0.04176 1e-05 -0.0 -0.0 -0.0 2e-05 -0.0 2e-05 -0.0 
0 0 0 0 0 0 0 0 0 0 0 0 0 0 0 0 1 1 1 1 1 1 1 1 1 1 1 1 1 1 1 1 2 2 2 2 2 2 2 2 2 2 2 2 2 2 2 2 3 3 3 3 3 3 3 3 3 3 3 3 3 3 3 3 4 4 4 4 4 4 4 4 4 4 4 4 4 4 4 4 5 5 5 5 5 5 5 5 5 5 5 5 5 5 5 5 
-1 --5 6 0 -2 -4 -3 1 2 4 ++10 7 3 5 8 9 -1 --5 6 0 -2 -4 -3 1 2 4 ++10 7 3 5 8 9 -1 --5 6 0 -2 -4 -3 1 2 4 ++10 7 3 5 8 9 -1 --5 6 0 -2 -4 -3 1 2 4 ++10 7 3 5 8 9 -1 --5 6 0 -2 -4 -3 1 2 4 ++10 7 3 5 8 9 -1 --5 6 0 -2 -4 -3 1 2 4 ++10 7 3 5 8 9 
