unknown MCGT
0
2e-05 0.0 0.0 0.38948 0.00191 0.0 0.0 0.22011 0.01488 0.0 0.0 0.0 3e-05 0.0 0.0 0.0 1e-05 0.0 0.0 4e-05 1e-05 0.0 0.0 0.00017 1e-05 0.0 0.0 0.0 1e-05 0.0 0.0 0.0 1e-05 0.0 0.0 3e-05 0.0 0.0 0.0 1e-05 0.0 0.0 0.0 0.0 3e-05 0.0 0.0 0.0 0.17561 0.0 0.0 0.15942 0.00085 0.0 0.0 0.01535 0.01098 0.0 0.0 0.0 0.0069 0.0 0.0 0.0 0.0 0.0 0.0 0.00412 0.0 0.0 0.0 0.0 0.0 0.0 0.0 0.0 0.0 0.0 0.0 0.0 0.0 0.0 0.0 1e-05 0.0 0.0 0.0 1e-05 0.0 0.0 0.0 0.0 1e-05 0.0 0.0 0.0 
0 0 0 0 0 0 0 0 0 0 0 0 0 0 0 0 1 1 1 1 1 1 1 1 1 1 1 1 1 1 1 1 2 2 2 2 2 2 2 2 2 2 2 2 2 2 2 2 3 3 3 3 3 3 3 3 3 3 3 3 3 3 3 3 4 4 4 4 4 4 4 4 4 4 4 4 4 4 4 4 5 5 5 5 5 5 5 5 5 5 5 5 5 5 5 5 
-1 --5 6 0 -2 -4 -3 1 2 4 ++10 7 3 5 8 9 -1 --5 6 0 -2 -4 -3 1 2 4 ++10 7 3 5 8 9 -1 --5 6 0 -2 -4 -3 1 2 4 ++10 7 3 5 8 9 -1 --5 6 0 -2 -4 -3 1 2 4 ++10 7 3 5 8 9 -1 --5 6 0 -2 -4 -3 1 2 4 ++10 7 3 5 8 9 -1 --5 6 0 -2 -4 -3 1 2 4 ++10 7 3 5 8 9 
1e-05 -0.0 -0.0 3e-05 -0.0 -0.0 -0.0 3e-05 1e-05 1e-05 -0.0 -0.0 0.0001 -0.0 2e-05 -0.0 2e-05 -0.0 -0.0 0.40658 -0.0 -0.0 -0.0 0.10626 0.0018 1e-05 -0.0 -0.0 0.00675 -0.0 0.00167 -0.0 0.00556 -0.0 -0.0 5e-05 1e-05 -0.0 -0.0 3e-05 0.00427 2e-05 1e-05 0.0054 2e-05 1e-05 1e-05 1e-05 0.10029 -0.0 -0.0 0.04873 -0.0 -0.0 -0.0 5e-05 0.01038 0.00152 1e-05 1e-05 0.00153 -0.0 1e-05 -0.0 1e-05 -0.0 -0.0 1e-05 -0.0 -0.0 -0.0 1e-05 -0.0 -0.0 -0.0 -0.0 1e-05 -0.0 -0.0 -0.0 0.1195 -0.0 -0.0 0.13981 1e-05 -0.0 -0.0 0.02265 0.0057 1e-05 -0.0 1e-05 0.01112 1e-05 1e-05 -0.0 
0 0 0 0 0 0 0 0 0 0 0 0 0 0 0 0 1 1 1 1 1 1 1 1 1 1 1 1 1 1 1 1 2 2 2 2 2 2 2 2 2 2 2 2 2 2 2 2 3 3 3 3 3 3 3 3 3 3 3 3 3 3 3 3 4 4 4 4 4 4 4 4 4 4 4 4 4 4 4 4 5 5 5 5 5 5 5 5 5 5 5 5 5 5 5 5 
-1 --5 6 0 -2 -4 -3 1 2 4 ++10 7 3 5 8 9 -1 --5 6 0 -2 -4 -3 1 2 4 ++10 7 3 5 8 9 -1 --5 6 0 -2 -4 -3 1 2 4 ++10 7 3 5 8 9 -1 --5 6 0 -2 -4 -3 1 2 4 ++10 7 3 5 8 9 -1 --5 6 0 -2 -4 -3 1 2 4 ++10 7 3 5 8 9 -1 --5 6 0 -2 -4 -3 1 2 4 ++10 7 3 5 8 9 
0.0 0.0 2e-05 1e-05 0.0 0.0 0.0 8e-05 2e-05 0.00068 1e-05 1e-05 4e-05 2e-05 2e-05 2e-05 0.0 0.0 1e-05 2e-05 0.0 0.0 0.0 0.15329 3e-05 0.01507 1e-05 1e-05 8e-05 2e-05 2e-05 1e-05 0.0 0.01004 1e-05 1e-05 1e-05 0.0 0.0 0.03524 0.09611 0.02895 0.0 0.03336 2e-05 0.07225 0.0 1e-05 0.0 0.0 0.00109 3e-05 0.0 0.0 0.0 0.00012 0.06315 0.04106 0.03105 0.03769 0.12186 0.09114 0.01877 0.00012 0.0 0.0 0.01986 0.01072 0.0 0.0 0.0 1e-05 0.0 0.0 1e-05 0.0 0.01448 0.0 0.0 0.0 1e-05 0.0 0.0197 6e-05 0.0 0.0 0.0 8e-05 0.04035 9e-05 1e-05 2e-05 3e-05 0.00702 1e-05 0.03605 
0 0 0 0 0 0 0 0 0 0 0 0 0 0 0 0 1 1 1 1 1 1 1 1 1 1 1 1 1 1 1 1 2 2 2 2 2 2 2 2 2 2 2 2 2 2 2 2 3 3 3 3 3 3 3 3 3 3 3 3 3 3 3 3 4 4 4 4 4 4 4 4 4 4 4 4 4 4 4 4 5 5 5 5 5 5 5 5 5 5 5 5 5 5 5 5 
-1 --5 6 0 -2 -4 -3 1 2 4 ++10 7 3 5 8 9 -1 --5 6 0 -2 -4 -3 1 2 4 ++10 7 3 5 8 9 -1 --5 6 0 -2 -4 -3 1 2 4 ++10 7 3 5 8 9 -1 --5 6 0 -2 -4 -3 1 2 4 ++10 7 3 5 8 9 -1 --5 6 0 -2 -4 -3 1 2 4 ++10 7 3 5 8 9 -1 --5 6 0 -2 -4 -3 1 2 4 ++10 7 3 5 8 9 
-0.0 -0.0 -0.0 3e-05 -0.0 -0.0 1e-05 0.00016 0.00438 0.00186 -0.0 1e-05 1e-05 1e-05 -0.0 -0.0 -0.0 -0.0 -0.0 0.01379 -0.0 -0.0 0.0007 0.37815 2e-05 3e-05 -0.0 1e-05 2e-05 1e-05 -0.0 -0.0 1e-05 0.00187 0.00206 3e-05 1e-05 -0.0 -0.0 2e-05 7e-05 3e-05 -0.0 -0.0 0.0025 -0.0 1e-05 -0.0 1e-05 -0.0 -0.0 0.51578 -0.0 0.00062 -0.0 0.00059 0.01835 3e-05 -0.0 0.00341 0.00497 0.00423 -0.0 -0.0 0.00332 -0.0 -0.0 7e-05 -0.0 -0.0 1e-05 -0.0 -0.0 -0.0 -0.0 -0.0 -0.0 -0.0 -0.0 -0.0 1e-05 -0.0 -0.0 0.02968 -0.0 -0.0 -0.0 2e-05 0.0101 1e-05 -0.0 1e-05 0.00304 1e-05 1e-05 -0.0 
0 0 0 0 0 0 0 0 0 0 0 0 0 0 0 0 1 1 1 1 1 1 1 1 1 1 1 1 1 1 1 1 2 2 2 2 2 2 2 2 2 2 2 2 2 2 2 2 3 3 3 3 3 3 3 3 3 3 3 3 3 3 3 3 4 4 4 4 4 4 4 4 4 4 4 4 4 4 4 4 5 5 5 5 5 5 5 5 5 5 5 5 5 5 5 5 
-1 --5 6 0 -2 -4 -3 1 2 4 ++10 7 3 5 8 9 -1 --5 6 0 -2 -4 -3 1 2 4 ++10 7 3 5 8 9 -1 --5 6 0 -2 -4 -3 1 2 4 ++10 7 3 5 8 9 -1 --5 6 0 -2 -4 -3 1 2 4 ++10 7 3 5 8 9 -1 --5 6 0 -2 -4 -3 1 2 4 ++10 7 3 5 8 9 -1 --5 6 0 -2 -4 -3 1 2 4 ++10 7 3 5 8 9 
-0.0 -0.0 1e-05 -0.0 -0.0 -0.0 -0.0 -0.0 -0.0 -0.0 -0.0 -0.0 -0.0 -0.0 2e-05 -0.0 -0.0 -0.0 1e-05 -0.0 1e-05 -0.0 1e-05 -0.0 -0.0 -0.0 -0.0 -0.0 -0.0 -0.0 1e-05 -0.0 -0.0 -0.0 0.01077 -0.0 -0.0 -0.0 1e-05 -0.0 -0.0 0.01111 -0.0 -0.0 0.02462 -0.0 1e-05 -0.0 -0.0 -0.0 2e-05 1e-05 -0.0 1e-05 -0.0 -0.0 -0.0 -0.0 -0.0 -0.0 -0.0 -0.0 0.02527 -0.0 0.12196 0.10887 1e-05 0.33039 0.15549 0.05422 0.14368 -0.0 -0.0 -0.0 -0.0 -0.0 -0.0 -0.0 -0.0 -0.0 -0.0 -0.0 8e-05 1e-05 -0.0 -0.0 -0.0 -0.0 -0.0 -0.0 -0.0 -0.0 0.01338 -0.0 4e-05 -0.0 
0 0 0 0 0 0 0 0 0 0 0 0 0 0 0 0 1 1 1 1 1 1 1 1 1 1 1 1 1 1 1 1 2 2 2 2 2 2 2 2 2 2 2 2 2 2 2 2 3 3 3 3 3 3 3 3 3 3 3 3 3 3 3 3 4 4 4 4 4 4 4 4 4 4 4 4 4 4 4 4 5 5 5 5 5 5 5 5 5 5 5 5 5 5 5 5 
-1 --5 6 0 -2 -4 -3 1 2 4 ++10 7 3 5 8 9 -1 --5 6 0 -2 -4 -3 1 2 4 ++10 7 3 5 8 9 -1 --5 6 0 -2 -4 -3 1 2 4 ++10 7 3 5 8 9 -1 --5 6 0 -2 -4 -3 1 2 4 ++10 7 3 5 8 9 -1 --5 6 0 -2 -4 -3 1 2 4 ++10 7 3 5 8 9 -1 --5 6 0 -2 -4 -3 1 2 4 ++10 7 3 5 8 9 
0.0 0.0 1e-05 1e-05 0.0 0.0 0.0 2e-05 1e-05 2e-05 1e-05 1e-05 3e-05 1e-05 3e-05 2e-05 0.0 0.0 1e-05 2e-05 0.0 0.0 0.0 0.00012 1e-05 2e-05 1e-05 0.0 7e-05 1e-05 3e-05 2e-05 1e-05 0.0 2e-05 4e-05 0.00996 0.0 0.0 0.0429 0.023 0.01233 0.0004 0.00393 0.04306 3e-05 0.00263 0.00569 1e-05 0.0 2e-05 2e-05 0.0 0.0 0.0 4e-05 2e-05 7e-05 0.00879 0.00031 7e-05 4e-05 7e-05 0.00528 1e-05 0.0 1e-05 0.00111 0.0 0.0 0.0 1e-05 0.0 0.0 0.00087 0.0 5e-05 0.0 0.0 0.0 1e-05 0.0 0.0403 0.37179 0.0 0.0 0.0 0.2289 0.06596 0.06068 0.00658 0.0057 0.02021 0.02303 0.01565 3e-05 
0 0 0 0 0 0 0 0 0 0 0 0 0 0 0 0 1 1 1 1 1 1 1 1 1 1 1 1 1 1 1 1 2 2 2 2 2 2 2 2 2 2 2 2 2 2 2 2 3 3 3 3 3 3 3 3 3 3 3 3 3 3 3 3 4 4 4 4 4 4 4 4 4 4 4 4 4 4 4 4 5 5 5 5 5 5 5 5 5 5 5 5 5 5 5 5 
-1 --5 6 0 -2 -4 -3 1 2 4 ++10 7 3 5 8 9 -1 --5 6 0 -2 -4 -3 1 2 4 ++10 7 3 5 8 9 -1 --5 6 0 -2 -4 -3 1 2 4 ++10 7 3 5 8 9 -1 --5 6 0 -2 -4 -3 1 2 4 ++10 7 3 5 8 9 -1 --5 6 0 -2 -4 -3 1 2 4 ++10 7 3 5 8 9 -1 --5 6 0 -2 -4 -3 1 2 4 ++10 7 3 5 8 9 
