unknown MCGT
0
2e-05 -0.0 -0.0 0.38695 0.00192 -0.0 -0.0 0.16731 0.01273 -0.0 -0.0 -0.0 1e-05 -0.0 -0.0 -0.0 1e-05 -0.0 -0.0 9e-05 1e-05 -0.0 -0.0 0.03351 2e-05 -0.0 -0.0 -0.0 -0.0 -0.0 -0.0 -0.0 1e-05 -0.0 -0.0 1e-05 -0.0 -0.0 -0.0 3e-05 1e-05 -0.0 -0.0 -0.0 6e-05 -0.0 -0.0 -0.0 0.16899 -0.0 -0.0 0.16336 1e-05 -0.0 -0.0 0.04118 0.00772 -0.0 -0.0 -0.0 0.00503 -0.0 -0.0 -0.0 0.00375 -0.0 -0.0 0.00499 -0.0 -0.0 -0.0 -0.0 -0.0 -0.0 -0.0 -0.0 -0.0 -0.0 -0.0 -0.0 -0.0 -0.0 -0.0 1e-05 -0.0 -0.0 -0.0 1e-05 -0.0 -0.0 -0.0 -0.0 0.00229 -0.0 -0.0 -0.0 
0 0 0 0 0 0 0 0 0 0 0 0 0 0 0 0 1 1 1 1 1 1 1 1 1 1 1 1 1 1 1 1 2 2 2 2 2 2 2 2 2 2 2 2 2 2 2 2 3 3 3 3 3 3 3 3 3 3 3 3 3 3 3 3 4 4 4 4 4 4 4 4 4 4 4 4 4 4 4 4 5 5 5 5 5 5 5 5 5 5 5 5 5 5 5 5 
-1 --5 6 0 -2 -4 -3 1 2 4 ++10 7 3 5 8 9 -1 --5 6 0 -2 -4 -3 1 2 4 ++10 7 3 5 8 9 -1 --5 6 0 -2 -4 -3 1 2 4 ++10 7 3 5 8 9 -1 --5 6 0 -2 -4 -3 1 2 4 ++10 7 3 5 8 9 -1 --5 6 0 -2 -4 -3 1 2 4 ++10 7 3 5 8 9 -1 --5 6 0 -2 -4 -3 1 2 4 ++10 7 3 5 8 9 
1e-05 0.0 0.0 2e-05 0.0 0.0 0.0 2e-05 1e-05 1e-05 0.0 0.0 2e-05 0.0 1e-05 0.0 1e-05 0.0 0.0 0.39663 0.0 0.0 0.0 0.05389 0.00058 0.0 0.0 0.0 0.00042 0.0 2e-05 0.0 0.1549 0.0 0.0 0.19145 0.0 0.0 0.0 0.00018 3e-05 1e-05 1e-05 0.0 2e-05 1e-05 0.0 0.0 0.10268 0.0 0.0 6e-05 1e-05 0.0 0.0 6e-05 0.02042 0.00123 1e-05 0.00323 0.00498 1e-05 0.0 0.0 0.0 0.0 0.0 1e-05 0.0 0.0 0.0 1e-05 0.0 0.0 0.0 1e-05 1e-05 0.0 0.0 0.0 0.05146 0.0 0.0 0.00249 1e-05 0.0 0.0 5e-05 3e-05 1e-05 0.0 1e-05 0.01501 1e-05 0.0 0.0 
0 0 0 0 0 0 0 0 0 0 0 0 0 0 0 0 1 1 1 1 1 1 1 1 1 1 1 1 1 1 1 1 2 2 2 2 2 2 2 2 2 2 2 2 2 2 2 2 3 3 3 3 3 3 3 3 3 3 3 3 3 3 3 3 4 4 4 4 4 4 4 4 4 4 4 4 4 4 4 4 5 5 5 5 5 5 5 5 5 5 5 5 5 5 5 5 
-1 --5 6 0 -2 -4 -3 1 2 4 ++10 7 3 5 8 9 -1 --5 6 0 -2 -4 -3 1 2 4 ++10 7 3 5 8 9 -1 --5 6 0 -2 -4 -3 1 2 4 ++10 7 3 5 8 9 -1 --5 6 0 -2 -4 -3 1 2 4 ++10 7 3 5 8 9 -1 --5 6 0 -2 -4 -3 1 2 4 ++10 7 3 5 8 9 -1 --5 6 0 -2 -4 -3 1 2 4 ++10 7 3 5 8 9 
0.0 0.0 0.0 1e-05 1e-05 0.0 0.0 2e-05 1e-05 3e-05 0.0 0.0 1e-05 0.0 0.0 0.0 0.0 0.0 0.0 3e-05 0.0 0.0 0.0 0.03468 1e-05 2e-05 0.0 0.0 1e-05 0.0 0.0 0.0 1e-05 0.0 0.0 0.36675 0.0 0.0 0.0 0.22343 0.01888 0.0093 1e-05 2e-05 9e-05 1e-05 0.0 1e-05 1e-05 0.0 1e-05 4e-05 0.00527 0.0 0.0 4e-05 4e-05 3e-05 1e-05 0.005 4e-05 2e-05 1e-05 0.0 0.00099 0.00085 0.0 1e-05 0.0 0.0 0.0 0.0 0.0 0.0 0.0 0.00095 5e-05 0.0 0.0 0.0 0.01814 0.0 5e-05 0.24565 1e-05 0.0 0.00253 0.06196 0.00012 4e-05 0.00463 1e-05 0.0002 1e-05 2e-05 1e-05 
0 0 0 0 0 0 0 0 0 0 0 0 0 0 0 0 1 1 1 1 1 1 1 1 1 1 1 1 1 1 1 1 2 2 2 2 2 2 2 2 2 2 2 2 2 2 2 2 3 3 3 3 3 3 3 3 3 3 3 3 3 3 3 3 4 4 4 4 4 4 4 4 4 4 4 4 4 4 4 4 5 5 5 5 5 5 5 5 5 5 5 5 5 5 5 5 
-1 --5 6 0 -2 -4 -3 1 2 4 ++10 7 3 5 8 9 -1 --5 6 0 -2 -4 -3 1 2 4 ++10 7 3 5 8 9 -1 --5 6 0 -2 -4 -3 1 2 4 ++10 7 3 5 8 9 -1 --5 6 0 -2 -4 -3 1 2 4 ++10 7 3 5 8 9 -1 --5 6 0 -2 -4 -3 1 2 4 ++10 7 3 5 8 9 -1 --5 6 0 -2 -4 -3 1 2 4 ++10 7 3 5 8 9 
-0.0 -0.0 -0.0 0.00396 -0.0 -0.0 -0.0 0.00019 0.0053 1e-05 -0.0 -0.0 1e-05 1e-05 -0.0 -0.0 -0.0 -0.0 -0.0 6e-05 -0.0 -0.0 -0.0 0.33349 2e-05 1e-05 -0.0 -0.0 1e-05 -0.0 -0.0 -0.0 1e-05 -0.0 -0.0 0.07569 -0.0 -0.0 -0.0 0.00011 0.0101 1e-05 -0.0 -0.0 4e-05 5e-05 -0.0 -0.0 1e-05 -0.0 -0.0 0.47079 -0.0 -0.0 -0.0 0.05934 0.02672 0.0014 -0.0 1e-05 0.0077 0.00308 -0.0 -0.0 1e-05 -0.0 -0.0 1e-05 -0.0 -0.0 -0.0 -0.0 -0.0 -0.0 -0.0 -0.0 -0.0 -0.0 -0.0 -0.0 1e-05 -0.0 -0.0 1e-05 -0.0 -0.0 -0.0 1e-05 0.00185 1e-05 -0.0 -0.0 2e-05 -0.0 -0.0 -0.0 
0 0 0 0 0 0 0 0 0 0 0 0 0 0 0 0 1 1 1 1 1 1 1 1 1 1 1 1 1 1 1 1 2 2 2 2 2 2 2 2 2 2 2 2 2 2 2 2 3 3 3 3 3 3 3 3 3 3 3 3 3 3 3 3 4 4 4 4 4 4 4 4 4 4 4 4 4 4 4 4 5 5 5 5 5 5 5 5 5 5 5 5 5 5 5 5 
-1 --5 6 0 -2 -4 -3 1 2 4 ++10 7 3 5 8 9 -1 --5 6 0 -2 -4 -3 1 2 4 ++10 7 3 5 8 9 -1 --5 6 0 -2 -4 -3 1 2 4 ++10 7 3 5 8 9 -1 --5 6 0 -2 -4 -3 1 2 4 ++10 7 3 5 8 9 -1 --5 6 0 -2 -4 -3 1 2 4 ++10 7 3 5 8 9 -1 --5 6 0 -2 -4 -3 1 2 4 ++10 7 3 5 8 9 
0.0 0.0 0.0 0.0 0.0 0.00883 0.0 0.0 0.0 0.0 0.0 0.0 0.0 0.0 0.0 0.0 0.0 0.0 0.0 0.0 0.0 0.0 0.0 0.0 0.0 0.0 0.0 0.0 0.0 0.0 0.0 0.0 0.0 0.0 0.0 0.0 0.0 0.0 0.0 0.0 0.0 0.0 0.0 0.0 1e-05 0.0 0.0 0.0 0.0 0.0 0.0 0.0 0.0 0.0 0.0 0.0 0.0 0.0 0.0 0.0 0.0 0.0 0.0 0.0 0.14976 0.12398 0.02788 0.31313 0.14961 0.04398 0.12329 0.0 0.0 0.0 0.0 0.0 0.0 0.0 0.0 0.0 0.0 0.0 0.0 0.0 0.0 0.0 0.0 0.0 0.0 0.0 0.0 0.0 0.05953 0.0 0.0 0.0 
0 0 0 0 0 0 0 0 0 0 0 0 0 0 0 0 1 1 1 1 1 1 1 1 1 1 1 1 1 1 1 1 2 2 2 2 2 2 2 2 2 2 2 2 2 2 2 2 3 3 3 3 3 3 3 3 3 3 3 3 3 3 3 3 4 4 4 4 4 4 4 4 4 4 4 4 4 4 4 4 5 5 5 5 5 5 5 5 5 5 5 5 5 5 5 5 
-1 --5 6 0 -2 -4 -3 1 2 4 ++10 7 3 5 8 9 -1 --5 6 0 -2 -4 -3 1 2 4 ++10 7 3 5 8 9 -1 --5 6 0 -2 -4 -3 1 2 4 ++10 7 3 5 8 9 -1 --5 6 0 -2 -4 -3 1 2 4 ++10 7 3 5 8 9 -1 --5 6 0 -2 -4 -3 1 2 4 ++10 7 3 5 8 9 -1 --5 6 0 -2 -4 -3 1 2 4 ++10 7 3 5 8 9 
0.0 0.0 1e-05 1e-05 0.0 0.0 0.0 3e-05 1e-05 0.00025 2e-05 1e-05 4e-05 2e-05 6e-05 2e-05 0.0 0.0 1e-05 1e-05 0.0 0.0 0.0 6e-05 1e-05 0.00212 1e-05 0.0 0.00382 1e-05 0.00244 1e-05 1e-05 0.0 0.01382 3e-05 0.0 0.00078 0.0 4e-05 3e-05 0.03049 7e-05 1e-05 0.01085 0.02821 0.00652 0.0001 1e-05 0.0 0.00016 2e-05 2e-05 0.0 0.0 4e-05 3e-05 5e-05 0.02025 0.00667 0.01889 0.00036 0.00553 0.00792 1e-05 0.0 1e-05 1e-05 0.0 0.0 0.0 1e-05 0.0 0.0 0.00189 0.0 0.00511 0.0 0.0 0.0 2e-05 0.00227 0.04361 0.18891 0.00806 0.0 0.0 0.22227 0.13896 0.06592 1e-05 0.02283 0.07337 0.03882 0.01508 0.01303 
0 0 0 0 0 0 0 0 0 0 0 0 0 0 0 0 1 1 1 1 1 1 1 1 1 1 1 1 1 1 1 1 2 2 2 2 2 2 2 2 2 2 2 2 2 2 2 2 3 3 3 3 3 3 3 3 3 3 3 3 3 3 3 3 4 4 4 4 4 4 4 4 4 4 4 4 4 4 4 4 5 5 5 5 5 5 5 5 5 5 5 5 5 5 5 5 
-1 --5 6 0 -2 -4 -3 1 2 4 ++10 7 3 5 8 9 -1 --5 6 0 -2 -4 -3 1 2 4 ++10 7 3 5 8 9 -1 --5 6 0 -2 -4 -3 1 2 4 ++10 7 3 5 8 9 -1 --5 6 0 -2 -4 -3 1 2 4 ++10 7 3 5 8 9 -1 --5 6 0 -2 -4 -3 1 2 4 ++10 7 3 5 8 9 -1 --5 6 0 -2 -4 -3 1 2 4 ++10 7 3 5 8 9 
