unknown MCGT
0
0.00332 -0.0 -0.0 0.39319 0.00176 -0.0 -0.0 0.18611 0.01143 -0.0 -0.0 -0.0 3e-05 -0.0 -0.0 -0.0 1e-05 -0.0 -0.0 1e-05 -0.0 -0.0 -0.0 2e-05 1e-05 -0.0 -0.0 -0.0 2e-05 -0.0 -0.0 -0.0 -0.0 -0.0 -0.0 1e-05 -0.0 -0.0 -0.0 1e-05 1e-05 -0.0 -0.0 -0.0 0.00223 -0.0 -0.0 -0.0 1e-05 -0.0 -0.0 9e-05 1e-05 -0.0 -0.0 0.02276 3e-05 -0.0 -0.0 -0.0 1e-05 -0.0 -0.0 -0.0 0.16916 -0.0 -0.0 0.16166 1e-05 -0.0 -0.0 0.02923 0.01028 -0.0 -0.0 -0.0 0.00555 -0.0 -0.0 -0.0 1e-05 -0.0 -0.0 0.00306 -0.0 -0.0 -0.0 -0.0 -0.0 -0.0 -0.0 -0.0 -0.0 -0.0 -0.0 -0.0 
0 0 0 0 0 0 0 0 0 0 0 0 0 0 0 0 1 1 1 1 1 1 1 1 1 1 1 1 1 1 1 1 2 2 2 2 2 2 2 2 2 2 2 2 2 2 2 2 3 3 3 3 3 3 3 3 3 3 3 3 3 3 3 3 4 4 4 4 4 4 4 4 4 4 4 4 4 4 4 4 5 5 5 5 5 5 5 5 5 5 5 5 5 5 5 5 
-1 --5 6 0 -2 -4 -3 1 2 4 ++10 7 3 5 8 9 -1 --5 6 0 -2 -4 -3 1 2 4 ++10 7 3 5 8 9 -1 --5 6 0 -2 -4 -3 1 2 4 ++10 7 3 5 8 9 -1 --5 6 0 -2 -4 -3 1 2 4 ++10 7 3 5 8 9 -1 --5 6 0 -2 -4 -3 1 2 4 ++10 7 3 5 8 9 -1 --5 6 0 -2 -4 -3 1 2 4 ++10 7 3 5 8 9 
1e-05 0.0 0.0 1e-05 0.0 0.0 0.0 2e-05 1e-05 1e-05 1e-05 0.0 1e-05 0.0 1e-05 0.0 2e-05 0.0 0.0 0.32289 0.0 0.0 0.0 0.23947 2e-05 1e-05 1e-05 0.0 3e-05 1e-05 1e-05 0.0 0.03856 0.0 1e-05 0.30897 1e-05 0.0 0.0 0.0591 0.01113 3e-05 1e-05 2e-05 0.00146 1e-05 1e-05 1e-05 1e-05 0.0 0.0 2e-05 1e-05 0.0 0.0 6e-05 1e-05 1e-05 1e-05 0.0 3e-05 0.0 1e-05 0.0 2e-05 0.0 1e-05 4e-05 0.00575 0.0 0.0 3e-05 3e-05 3e-05 1e-05 0.01083 2e-05 1e-05 1e-05 1e-05 1e-05 0.0 0.0 3e-05 0.0 0.0 0.0 1e-05 0.0 0.0 0.0 0.00117 2e-05 0.0 0.0 0.0 
0 0 0 0 0 0 0 0 0 0 0 0 0 0 0 0 1 1 1 1 1 1 1 1 1 1 1 1 1 1 1 1 2 2 2 2 2 2 2 2 2 2 2 2 2 2 2 2 3 3 3 3 3 3 3 3 3 3 3 3 3 3 3 3 4 4 4 4 4 4 4 4 4 4 4 4 4 4 4 4 5 5 5 5 5 5 5 5 5 5 5 5 5 5 5 5 
-1 --5 6 0 -2 -4 -3 1 2 4 ++10 7 3 5 8 9 -1 --5 6 0 -2 -4 -3 1 2 4 ++10 7 3 5 8 9 -1 --5 6 0 -2 -4 -3 1 2 4 ++10 7 3 5 8 9 -1 --5 6 0 -2 -4 -3 1 2 4 ++10 7 3 5 8 9 -1 --5 6 0 -2 -4 -3 1 2 4 ++10 7 3 5 8 9 -1 --5 6 0 -2 -4 -3 1 2 4 ++10 7 3 5 8 9 
-0.0 -0.0 1e-05 1e-05 1e-05 -0.0 -0.0 3e-05 1e-05 6e-05 2e-05 1e-05 3e-05 2e-05 4e-05 2e-05 1e-05 -0.0 1e-05 3e-05 -0.0 1e-05 -0.0 0.00025 1e-05 0.03384 2e-05 1e-05 0.01013 3e-05 0.00695 2e-05 1e-05 -0.0 0.04605 0.20788 0.008 -0.0 -0.0 0.23191 0.12905 0.06518 0.00471 0.02258 0.06971 0.04121 0.01579 0.01294 -0.0 -0.0 1e-05 1e-05 -0.0 0.0015 -0.0 5e-05 1e-05 0.00076 1e-05 1e-05 5e-05 1e-05 0.00273 2e-05 1e-05 -0.0 0.00812 2e-05 0.00017 -0.0 -0.0 4e-05 2e-05 6e-05 0.01914 0.00438 0.01802 0.02025 0.00237 0.00684 -0.0 -0.0 1e-05 0.00132 -0.0 -0.0 -0.0 1e-05 0.00088 -0.0 0.00106 1e-05 0.00562 -0.0 -0.0 -0.0 
0 0 0 0 0 0 0 0 0 0 0 0 0 0 0 0 1 1 1 1 1 1 1 1 1 1 1 1 1 1 1 1 2 2 2 2 2 2 2 2 2 2 2 2 2 2 2 2 3 3 3 3 3 3 3 3 3 3 3 3 3 3 3 3 4 4 4 4 4 4 4 4 4 4 4 4 4 4 4 4 5 5 5 5 5 5 5 5 5 5 5 5 5 5 5 5 
-1 --5 6 0 -2 -4 -3 1 2 4 ++10 7 3 5 8 9 -1 --5 6 0 -2 -4 -3 1 2 4 ++10 7 3 5 8 9 -1 --5 6 0 -2 -4 -3 1 2 4 ++10 7 3 5 8 9 -1 --5 6 0 -2 -4 -3 1 2 4 ++10 7 3 5 8 9 -1 --5 6 0 -2 -4 -3 1 2 4 ++10 7 3 5 8 9 -1 --5 6 0 -2 -4 -3 1 2 4 ++10 7 3 5 8 9 
1e-05 0.0 0.0 4e-05 0.0 0.0 0.0 3e-05 1e-05 1e-05 0.0 0.0 0.00317 0.0 1e-05 0.0 0.10829 0.0 0.0 0.15642 0.0 0.0 0.0 0.00034 0.01009 1e-05 0.0 0.0 2e-05 0.0 0.0 0.0 0.04701 0.0 0.0 2e-05 1e-05 0.0 0.0 3e-05 2e-05 0.0 0.0 0.0 0.01316 1e-05 0.0 0.0 1e-05 0.0 0.0 0.37971 0.0 0.0 0.0 0.09665 1e-05 1e-05 0.0 0.0 0.00176 0.0 1e-05 0.0 0.10824 0.0 0.0 0.04895 1e-05 0.0 0.0 0.00011 0.02105 0.00221 0.0 1e-05 0.00257 1e-05 0.0 0.0 0.0 0.0 0.0 0.0 0.0 0.0 0.0 1e-05 0.0 0.0 0.0 0.0 0.0 0.0 0.0 0.0 
0 0 0 0 0 0 0 0 0 0 0 0 0 0 0 0 1 1 1 1 1 1 1 1 1 1 1 1 1 1 1 1 2 2 2 2 2 2 2 2 2 2 2 2 2 2 2 2 3 3 3 3 3 3 3 3 3 3 3 3 3 3 3 3 4 4 4 4 4 4 4 4 4 4 4 4 4 4 4 4 5 5 5 5 5 5 5 5 5 5 5 5 5 5 5 5 
-1 --5 6 0 -2 -4 -3 1 2 4 ++10 7 3 5 8 9 -1 --5 6 0 -2 -4 -3 1 2 4 ++10 7 3 5 8 9 -1 --5 6 0 -2 -4 -3 1 2 4 ++10 7 3 5 8 9 -1 --5 6 0 -2 -4 -3 1 2 4 ++10 7 3 5 8 9 -1 --5 6 0 -2 -4 -3 1 2 4 ++10 7 3 5 8 9 -1 --5 6 0 -2 -4 -3 1 2 4 ++10 7 3 5 8 9 
0.0 0.0 0.0 3e-05 1e-05 0.0 0.0 0.0001 0.00451 1e-05 0.0 0.0 1e-05 1e-05 0.0 0.0 0.0 0.0 0.0 0.0779 0.0 0.0 0.00059 0.01382 4e-05 1e-05 0.0 1e-05 2e-05 1e-05 0.0 0.0 0.0 0.0 1e-05 2e-05 0.0 0.0 0.00156 2e-05 0.00211 1e-05 1e-05 0.0 2e-05 1e-05 1e-05 0.0 0.0 0.0 0.0 5e-05 1e-05 0.0 1e-05 0.37477 5e-05 2e-05 0.0 0.0 1e-05 1e-05 0.0 0.0 1e-05 0.0 0.0 0.47199 0.0 0.0 0.0 0.00016 0.03413 0.00174 0.0 1e-05 0.00666 0.00381 0.0 0.0 0.003 0.00275 0.0 1e-05 0.0 1e-05 1e-05 0.0 0.0 0.0 0.0 0.0 1e-05 0.0 0.0 0.0 
0 0 0 0 0 0 0 0 0 0 0 0 0 0 0 0 1 1 1 1 1 1 1 1 1 1 1 1 1 1 1 1 2 2 2 2 2 2 2 2 2 2 2 2 2 2 2 2 3 3 3 3 3 3 3 3 3 3 3 3 3 3 3 3 4 4 4 4 4 4 4 4 4 4 4 4 4 4 4 4 5 5 5 5 5 5 5 5 5 5 5 5 5 5 5 5 
-1 --5 6 0 -2 -4 -3 1 2 4 ++10 7 3 5 8 9 -1 --5 6 0 -2 -4 -3 1 2 4 ++10 7 3 5 8 9 -1 --5 6 0 -2 -4 -3 1 2 4 ++10 7 3 5 8 9 -1 --5 6 0 -2 -4 -3 1 2 4 ++10 7 3 5 8 9 -1 --5 6 0 -2 -4 -3 1 2 4 ++10 7 3 5 8 9 -1 --5 6 0 -2 -4 -3 1 2 4 ++10 7 3 5 8 9 
0.0 0.0 0.0 1e-05 0.0 0.0 0.0 1e-05 1e-05 0.0 0.0 0.0 1e-05 2e-05 0.0 0.0 0.0 0.0 0.0 0.0 0.0 0.0 0.0 0.0 1e-05 0.0 0.0 0.0 2e-05 2e-05 1e-05 0.0 0.0 0.0 0.0 0.0 0.0 0.0 0.0 0.0 0.0132 0.0 0.0 0.0 0.06452 4e-05 0.0 0.0 0.0 1e-05 0.0 0.0 0.0 0.0 1e-05 1e-05 1e-05 0.0 0.0 0.0 1e-05 1e-05 0.0 0.0 0.0 0.0 1e-05 4e-05 0.0 0.0 0.0 0.0 2e-05 0.0 0.0 0.0 1e-05 0.01319 1e-05 0.0 0.1299 0.12784 0.02983 0.29056 0.15825 0.04567 0.12676 0.0 1e-05 0.0 0.0 0.0 1e-05 0.0 0.0 0.0 
0 0 0 0 0 0 0 0 0 0 0 0 0 0 0 0 1 1 1 1 1 1 1 1 1 1 1 1 1 1 1 1 2 2 2 2 2 2 2 2 2 2 2 2 2 2 2 2 3 3 3 3 3 3 3 3 3 3 3 3 3 3 3 3 4 4 4 4 4 4 4 4 4 4 4 4 4 4 4 4 5 5 5 5 5 5 5 5 5 5 5 5 5 5 5 5 
-1 --5 6 0 -2 -4 -3 1 2 4 ++10 7 3 5 8 9 -1 --5 6 0 -2 -4 -3 1 2 4 ++10 7 3 5 8 9 -1 --5 6 0 -2 -4 -3 1 2 4 ++10 7 3 5 8 9 -1 --5 6 0 -2 -4 -3 1 2 4 ++10 7 3 5 8 9 -1 --5 6 0 -2 -4 -3 1 2 4 ++10 7 3 5 8 9 -1 --5 6 0 -2 -4 -3 1 2 4 ++10 7 3 5 8 9 
