unknown MCGT
0
0.00277 -0.0 -0.0 0.41242 0.00152 -0.0 -0.0 0.20011 0.01066 -0.0 -0.0 -0.0 1e-05 -0.0 -0.0 -0.0 1e-05 -0.0 -0.0 2e-05 -0.0 -0.0 0.00172 2e-05 2e-05 -0.0 -0.0 -0.0 0.0038 -0.0 -0.0 -0.0 1e-05 -0.0 -0.0 1e-05 -0.0 -0.0 -0.0 -0.0 -0.0 -0.0 -0.0 -0.0 1e-05 -0.0 -0.0 -0.0 -0.0 -0.0 -0.0 1e-05 -0.0 -0.0 -0.0 1e-05 1e-05 -0.0 -0.0 -0.0 2e-05 -0.0 -0.0 -0.0 0.17483 -0.0 -0.0 0.1462 1e-05 -0.0 -0.0 0.02933 0.01157 -0.0 -0.0 -0.0 0.00477 -0.0 -0.0 -0.0 1e-05 -0.0 -0.0 3e-05 1e-05 -0.0 1e-05 0.00013 1e-05 -0.0 -0.0 -0.0 -0.0 -0.0 -0.0 -0.0 
0 0 0 0 0 0 0 0 0 0 0 0 0 0 0 0 1 1 1 1 1 1 1 1 1 1 1 1 1 1 1 1 2 2 2 2 2 2 2 2 2 2 2 2 2 2 2 2 3 3 3 3 3 3 3 3 3 3 3 3 3 3 3 3 4 4 4 4 4 4 4 4 4 4 4 4 4 4 4 4 5 5 5 5 5 5 5 5 5 5 5 5 5 5 5 5 
-1 --5 6 0 -2 -4 -3 1 2 4 ++10 7 3 5 8 9 -1 --5 6 0 -2 -4 -3 1 2 4 ++10 7 3 5 8 9 -1 --5 6 0 -2 -4 -3 1 2 4 ++10 7 3 5 8 9 -1 --5 6 0 -2 -4 -3 1 2 4 ++10 7 3 5 8 9 -1 --5 6 0 -2 -4 -3 1 2 4 ++10 7 3 5 8 9 -1 --5 6 0 -2 -4 -3 1 2 4 ++10 7 3 5 8 9 
0.0 0.0 0.0 1e-05 1e-05 0.0 0.0 2e-05 1e-05 2e-05 0.0 0.0 1e-05 0.0 0.0 0.0 1e-05 0.0 0.0 0.38892 0.0 0.0 0.0 0.00015 2e-05 0.0008 1e-05 0.01886 4e-05 1e-05 0.0 0.0 0.01253 1e-05 0.00016 0.04253 2e-05 0.0 1e-05 3e-05 1e-05 0.0 0.0 0.0 0.01318 0.0 0.0 0.0 1e-05 0.0 2e-05 0.26 1e-05 0.0 0.0 0.00021 6e-05 4e-05 1e-05 1e-05 8e-05 1e-05 2e-05 1e-05 1e-05 0.0 1e-05 4e-05 1e-05 0.0 0.0 4e-05 2e-05 3e-05 1e-05 2e-05 4e-05 1e-05 0.0 0.0 0.0 0.0 0.0 2e-05 1e-05 0.0 0.0 0.25519 1e-05 0.00679 0.0 0.0 1e-05 0.0 0.0 0.0 
0 0 0 0 0 0 0 0 0 0 0 0 0 0 0 0 1 1 1 1 1 1 1 1 1 1 1 1 1 1 1 1 2 2 2 2 2 2 2 2 2 2 2 2 2 2 2 2 3 3 3 3 3 3 3 3 3 3 3 3 3 3 3 3 4 4 4 4 4 4 4 4 4 4 4 4 4 4 4 4 5 5 5 5 5 5 5 5 5 5 5 5 5 5 5 5 
-1 --5 6 0 -2 -4 -3 1 2 4 ++10 7 3 5 8 9 -1 --5 6 0 -2 -4 -3 1 2 4 ++10 7 3 5 8 9 -1 --5 6 0 -2 -4 -3 1 2 4 ++10 7 3 5 8 9 -1 --5 6 0 -2 -4 -3 1 2 4 ++10 7 3 5 8 9 -1 --5 6 0 -2 -4 -3 1 2 4 ++10 7 3 5 8 9 -1 --5 6 0 -2 -4 -3 1 2 4 ++10 7 3 5 8 9 
-0.0 4e-05 2e-05 1e-05 1e-05 -0.0 1e-05 -0.0 1e-05 1e-05 -0.0 -0.0 1e-05 1e-05 2e-05 -0.0 1e-05 1e-05 1e-05 2e-05 -0.0 0.01346 -0.0 1e-05 2e-05 -0.0 -0.0 1e-05 0.08773 3e-05 4e-05 -0.0 0.09089 0.106 1e-05 0.03267 0.19641 0.03202 0.09702 0.01532 5e-05 2e-05 -0.0 -0.0 1e-05 1e-05 -0.0 -0.0 1e-05 1e-05 1e-05 1e-05 -0.0 -0.0 -0.0 -0.0 0.09701 0.04998 -0.0 -0.0 7e-05 0.06782 3e-05 -0.0 1e-05 -0.0 1e-05 1e-05 1e-05 -0.0 -0.0 1e-05 4e-05 1e-05 -0.0 1e-05 2e-05 7e-05 0.03381 -0.0 -0.0 0.01548 0.03621 1e-05 0.01454 -0.0 0.01292 1e-05 1e-05 3e-05 -0.0 -0.0 1e-05 1e-05 1e-05 -0.0 
0 0 0 0 0 0 0 0 0 0 0 0 0 0 0 0 1 1 1 1 1 1 1 1 1 1 1 1 1 1 1 1 2 2 2 2 2 2 2 2 2 2 2 2 2 2 2 2 3 3 3 3 3 3 3 3 3 3 3 3 3 3 3 3 4 4 4 4 4 4 4 4 4 4 4 4 4 4 4 4 5 5 5 5 5 5 5 5 5 5 5 5 5 5 5 5 
-1 --5 6 0 -2 -4 -3 1 2 4 ++10 7 3 5 8 9 -1 --5 6 0 -2 -4 -3 1 2 4 ++10 7 3 5 8 9 -1 --5 6 0 -2 -4 -3 1 2 4 ++10 7 3 5 8 9 -1 --5 6 0 -2 -4 -3 1 2 4 ++10 7 3 5 8 9 -1 --5 6 0 -2 -4 -3 1 2 4 ++10 7 3 5 8 9 -1 --5 6 0 -2 -4 -3 1 2 4 ++10 7 3 5 8 9 
0.0 0.0 2e-05 1e-05 1e-05 0.0 0.0 3e-05 1e-05 2e-05 2e-05 1e-05 4e-05 2e-05 2e-05 2e-05 1e-05 0.0 6e-05 7e-05 1e-05 0.0 0.0 8e-05 4e-05 0.00661 7e-05 2e-05 0.01576 6e-05 4e-05 4e-05 1e-05 0.0 0.00208 2e-05 1e-05 0.0 0.0 9e-05 0.00513 0.0 1e-05 0.0 0.00379 0.0 1e-05 1e-05 1e-05 0.0 0.04297 0.26786 1e-05 0.0 0.0 0.28042 0.10849 0.0715 0.00493 0.0208 0.06415 0.03841 0.01662 0.01307 1e-05 0.0 0.0001 3e-05 0.00346 0.0 0.0 0.0001 4e-05 5e-05 0.01613 0.00011 0.00043 0.00881 0.0034 0.00368 0.0 0.0 1e-05 2e-05 0.0 0.0 0.0 0.00013 1e-05 2e-05 1e-05 0.0 3e-05 1e-05 2e-05 1e-05 
0 0 0 0 0 0 0 0 0 0 0 0 0 0 0 0 1 1 1 1 1 1 1 1 1 1 1 1 1 1 1 1 2 2 2 2 2 2 2 2 2 2 2 2 2 2 2 2 3 3 3 3 3 3 3 3 3 3 3 3 3 3 3 3 4 4 4 4 4 4 4 4 4 4 4 4 4 4 4 4 5 5 5 5 5 5 5 5 5 5 5 5 5 5 5 5 
-1 --5 6 0 -2 -4 -3 1 2 4 ++10 7 3 5 8 9 -1 --5 6 0 -2 -4 -3 1 2 4 ++10 7 3 5 8 9 -1 --5 6 0 -2 -4 -3 1 2 4 ++10 7 3 5 8 9 -1 --5 6 0 -2 -4 -3 1 2 4 ++10 7 3 5 8 9 -1 --5 6 0 -2 -4 -3 1 2 4 ++10 7 3 5 8 9 -1 --5 6 0 -2 -4 -3 1 2 4 ++10 7 3 5 8 9 
-0.0 -0.0 -0.0 2e-05 1e-05 -0.0 1e-05 5e-05 0.00317 1e-05 -0.0 -0.0 1e-05 1e-05 -0.0 -0.0 1e-05 -0.0 -0.0 0.10988 -0.0 0.00103 1e-05 7e-05 4e-05 4e-05 -0.0 1e-05 4e-05 2e-05 -0.0 -0.0 2e-05 0.00231 -0.0 1e-05 -0.0 -0.0 -0.0 -0.0 1e-05 -0.0 -0.0 -0.0 1e-05 -0.0 -0.0 -0.0 1e-05 -0.0 -0.0 2e-05 -0.0 -0.0 -0.0 2e-05 0.00528 1e-05 -0.0 -0.0 2e-05 -0.0 -0.0 -0.0 1e-05 -0.0 -0.0 0.43624 -0.0 -0.0 -0.0 0.11167 0.03457 0.00228 -0.0 1e-05 0.00575 0.00441 -0.0 -0.0 -0.0 -0.0 -0.0 3e-05 1e-05 -0.0 0.00097 0.2819 7e-05 1e-05 -0.0 -0.0 1e-05 -0.0 -0.0 -0.0 
0 0 0 0 0 0 0 0 0 0 0 0 0 0 0 0 1 1 1 1 1 1 1 1 1 1 1 1 1 1 1 1 2 2 2 2 2 2 2 2 2 2 2 2 2 2 2 2 3 3 3 3 3 3 3 3 3 3 3 3 3 3 3 3 4 4 4 4 4 4 4 4 4 4 4 4 4 4 4 4 5 5 5 5 5 5 5 5 5 5 5 5 5 5 5 5 
-1 --5 6 0 -2 -4 -3 1 2 4 ++10 7 3 5 8 9 -1 --5 6 0 -2 -4 -3 1 2 4 ++10 7 3 5 8 9 -1 --5 6 0 -2 -4 -3 1 2 4 ++10 7 3 5 8 9 -1 --5 6 0 -2 -4 -3 1 2 4 ++10 7 3 5 8 9 -1 --5 6 0 -2 -4 -3 1 2 4 ++10 7 3 5 8 9 -1 --5 6 0 -2 -4 -3 1 2 4 ++10 7 3 5 8 9 
1e-05 -0.0 -0.0 2e-05 -0.0 -0.0 -0.0 1e-05 1e-05 1e-05 -0.0 -0.0 0.00512 -0.0 2e-05 -0.0 0.07274 -0.0 -0.0 0.10128 -0.0 -0.0 -0.0 0.0237 7e-05 0.00011 1e-05 -0.0 4e-05 1e-05 -0.0 -0.0 1e-05 -0.0 1e-05 1e-05 -0.0 -0.0 -0.0 2e-05 3e-05 -0.0 1e-05 -0.0 2e-05 -0.0 -0.0 -0.0 0.12718 -0.0 -0.0 0.12829 -0.0 -0.0 -0.0 0.01559 0.00311 1e-05 1e-05 1e-05 0.01198 1e-05 1e-05 -0.0 0.10807 -0.0 -0.0 6e-05 0.00356 -0.0 -0.0 5e-05 0.01392 0.00109 1e-05 0.00295 5e-05 1e-05 -0.0 -0.0 1e-05 -0.0 -0.0 0.37672 -0.0 -0.0 -0.0 0.00037 0.00174 1e-05 -0.0 -0.0 0.00016 -0.0 0.00185 -0.0 
0 0 0 0 0 0 0 0 0 0 0 0 0 0 0 0 1 1 1 1 1 1 1 1 1 1 1 1 1 1 1 1 2 2 2 2 2 2 2 2 2 2 2 2 2 2 2 2 3 3 3 3 3 3 3 3 3 3 3 3 3 3 3 3 4 4 4 4 4 4 4 4 4 4 4 4 4 4 4 4 5 5 5 5 5 5 5 5 5 5 5 5 5 5 5 5 
-1 --5 6 0 -2 -4 -3 1 2 4 ++10 7 3 5 8 9 -1 --5 6 0 -2 -4 -3 1 2 4 ++10 7 3 5 8 9 -1 --5 6 0 -2 -4 -3 1 2 4 ++10 7 3 5 8 9 -1 --5 6 0 -2 -4 -3 1 2 4 ++10 7 3 5 8 9 -1 --5 6 0 -2 -4 -3 1 2 4 ++10 7 3 5 8 9 -1 --5 6 0 -2 -4 -3 1 2 4 ++10 7 3 5 8 9 
