unknown MCGT
0
0.01471 -0.0 -0.0 0.38737 1e-05 -0.0 -0.0 0.19605 1e-05 -0.0 -0.0 -0.0 1e-05 -0.0 -0.0 -0.0 1e-05 -0.0 -0.0 1e-05 -0.0 -0.0 -0.0 3e-05 1e-05 -0.0 -0.0 -0.0 1e-05 -0.0 -0.0 -0.0 1e-05 -0.0 -0.0 0.01524 -0.0 -0.0 -0.0 0.0357 0.00478 -0.0 -0.0 -0.0 -0.0 -0.0 -0.0 -0.0 -0.0 -0.0 -0.0 1e-05 -0.0 -0.0 -0.0 -0.0 -0.0 -0.0 -0.0 -0.0 0.00129 -0.0 -0.0 -0.0 1e-05 -0.0 -0.0 3e-05 -0.0 -0.0 -0.0 1e-05 1e-05 -0.0 -0.0 -0.0 0.00229 -0.0 -0.0 -0.0 0.14559 -0.0 -0.0 0.15679 0.00081 -0.0 -0.0 0.01547 0.01898 -0.0 -0.0 -0.0 0.00479 -0.0 -0.0 -0.0 
0 0 0 0 0 0 0 0 0 0 0 0 0 0 0 0 1 1 1 1 1 1 1 1 1 1 1 1 1 1 1 1 2 2 2 2 2 2 2 2 2 2 2 2 2 2 2 2 3 3 3 3 3 3 3 3 3 3 3 3 3 3 3 3 4 4 4 4 4 4 4 4 4 4 4 4 4 4 4 4 5 5 5 5 5 5 5 5 5 5 5 5 5 5 5 5 
-1 --5 6 0 -2 -4 -3 1 2 4 ++10 7 3 5 8 9 -1 --5 6 0 -2 -4 -3 1 2 4 ++10 7 3 5 8 9 -1 --5 6 0 -2 -4 -3 1 2 4 ++10 7 3 5 8 9 -1 --5 6 0 -2 -4 -3 1 2 4 ++10 7 3 5 8 9 -1 --5 6 0 -2 -4 -3 1 2 4 ++10 7 3 5 8 9 -1 --5 6 0 -2 -4 -3 1 2 4 ++10 7 3 5 8 9 
0.0 0.0 1e-05 1e-05 0.0 0.0 0.0 2e-05 1e-05 3e-05 2e-05 1e-05 3e-05 1e-05 1e-05 1e-05 1e-05 0.0 1e-05 0.00016 0.0 0.0 0.0 0.30653 0.05554 0.0049 0.00011 2e-05 3e-05 5e-05 1e-05 2e-05 0.0 0.0 0.0 2e-05 0.0 0.0 0.0 0.00013 1e-05 1e-05 1e-05 0.0 0.00246 1e-05 1e-05 1e-05 0.01862 0.0 0.01439 5e-05 1e-05 0.0 0.0 0.02201 0.00012 0.00584 1e-05 4e-05 4e-05 3e-05 0.0 2e-05 1e-05 0.0 2e-05 0.5334 0.0 0.0 0.0 0.00015 5e-05 2e-05 5e-05 3e-05 2e-05 2e-05 1e-05 1e-05 1e-05 1e-05 1e-05 3e-05 1e-05 0.0 0.0 4e-05 5e-05 2e-05 0.01128 0.01651 0.00685 0.0001 1e-05 1e-05 
0 0 0 0 0 0 0 0 0 0 0 0 0 0 0 0 1 1 1 1 1 1 1 1 1 1 1 1 1 1 1 1 2 2 2 2 2 2 2 2 2 2 2 2 2 2 2 2 3 3 3 3 3 3 3 3 3 3 3 3 3 3 3 3 4 4 4 4 4 4 4 4 4 4 4 4 4 4 4 4 5 5 5 5 5 5 5 5 5 5 5 5 5 5 5 5 
-1 --5 6 0 -2 -4 -3 1 2 4 ++10 7 3 5 8 9 -1 --5 6 0 -2 -4 -3 1 2 4 ++10 7 3 5 8 9 -1 --5 6 0 -2 -4 -3 1 2 4 ++10 7 3 5 8 9 -1 --5 6 0 -2 -4 -3 1 2 4 ++10 7 3 5 8 9 -1 --5 6 0 -2 -4 -3 1 2 4 ++10 7 3 5 8 9 -1 --5 6 0 -2 -4 -3 1 2 4 ++10 7 3 5 8 9 
1e-05 0.0 0.0 3e-05 0.0 0.0 0.0 2e-05 1e-05 1e-05 0.0 0.0 0.0031 0.0 1e-05 0.0 0.14969 0.0 0.0 0.14036 0.0 0.0 0.0 0.00032 4e-05 1e-05 0.0 0.0 2e-05 1e-05 0.0 0.0 1e-05 0.0 0.0 0.40053 0.0 0.0 0.0 0.07634 1e-05 0.0 0.0 0.0 3e-05 0.0 0.0014 0.0 0.02278 0.0 0.0 2e-05 0.0 0.0 0.0 2e-05 2e-05 1e-05 0.0 1e-05 0.00371 1e-05 0.0 0.0 0.0153 0.0 0.0 0.00022 0.0 0.0 0.0 6e-05 3e-05 0.0 0.0 0.0 0.00727 1e-05 0.0 0.0 0.09845 0.0 0.0 0.04981 0.00575 0.0 0.0 4e-05 0.01806 0.00149 1e-05 0.00188 0.00315 1e-05 0.0 0.0 
0 0 0 0 0 0 0 0 0 0 0 0 0 0 0 0 1 1 1 1 1 1 1 1 1 1 1 1 1 1 1 1 2 2 2 2 2 2 2 2 2 2 2 2 2 2 2 2 3 3 3 3 3 3 3 3 3 3 3 3 3 3 3 3 4 4 4 4 4 4 4 4 4 4 4 4 4 4 4 4 5 5 5 5 5 5 5 5 5 5 5 5 5 5 5 5 
-1 --5 6 0 -2 -4 -3 1 2 4 ++10 7 3 5 8 9 -1 --5 6 0 -2 -4 -3 1 2 4 ++10 7 3 5 8 9 -1 --5 6 0 -2 -4 -3 1 2 4 ++10 7 3 5 8 9 -1 --5 6 0 -2 -4 -3 1 2 4 ++10 7 3 5 8 9 -1 --5 6 0 -2 -4 -3 1 2 4 ++10 7 3 5 8 9 -1 --5 6 0 -2 -4 -3 1 2 4 ++10 7 3 5 8 9 
1e-05 -0.0 2e-05 1e-05 -0.0 -0.0 -0.0 3e-05 2e-05 5e-05 1e-05 1e-05 3e-05 2e-05 8e-05 2e-05 1e-05 -0.0 6e-05 3e-05 -0.0 -0.0 -0.0 5e-05 0.00545 0.08325 2e-05 3e-05 0.10813 0.06773 0.03888 3e-05 -0.0 -0.0 0.00738 1e-05 -0.0 -0.0 -0.0 6e-05 1e-05 9e-05 1e-05 -0.0 4e-05 1e-05 3e-05 1e-05 1e-05 0.00799 2e-05 6e-05 0.02312 -0.0 -0.0 0.17716 0.14123 0.05621 -0.0 0.01944 0.04048 0.05034 1e-05 4e-05 1e-05 -0.0 0.07214 5e-05 -0.0 0.00251 -0.0 7e-05 7e-05 4e-05 0.00791 0.02127 6e-05 0.00012 6e-05 0.02743 1e-05 0.01138 4e-05 3e-05 0.0151 -0.0 -0.0 7e-05 4e-05 3e-05 0.01357 4e-05 0.00011 4e-05 0.00012 5e-05 
0 0 0 0 0 0 0 0 0 0 0 0 0 0 0 0 1 1 1 1 1 1 1 1 1 1 1 1 1 1 1 1 2 2 2 2 2 2 2 2 2 2 2 2 2 2 2 2 3 3 3 3 3 3 3 3 3 3 3 3 3 3 3 3 4 4 4 4 4 4 4 4 4 4 4 4 4 4 4 4 5 5 5 5 5 5 5 5 5 5 5 5 5 5 5 5 
-1 --5 6 0 -2 -4 -3 1 2 4 ++10 7 3 5 8 9 -1 --5 6 0 -2 -4 -3 1 2 4 ++10 7 3 5 8 9 -1 --5 6 0 -2 -4 -3 1 2 4 ++10 7 3 5 8 9 -1 --5 6 0 -2 -4 -3 1 2 4 ++10 7 3 5 8 9 -1 --5 6 0 -2 -4 -3 1 2 4 ++10 7 3 5 8 9 -1 --5 6 0 -2 -4 -3 1 2 4 ++10 7 3 5 8 9 
0.0 0.0 0.0 1e-05 0.0 0.00228 0.0 2e-05 1e-05 2e-05 1e-05 0.0 1e-05 1e-05 1e-05 2e-05 1e-05 0.0 1e-05 0.2526 0.0 0.0 0.0 0.04736 0.02324 0.03273 0.00525 1e-05 2e-05 0.01244 2e-05 0.00347 0.0 0.0 0.0 2e-05 0.0 0.0 0.0 0.0001 1e-05 0.00276 1e-05 0.0 1e-05 1e-05 0.0 1e-05 7e-05 0.0 0.01213 0.25094 1e-05 0.0 0.0 0.04682 0.04984 0.01433 0.00455 0.0 0.06673 2e-05 0.01595 0.00967 1e-05 0.0 1e-05 0.00011 0.0 0.0 0.0 0.14595 0.00011 2e-05 1e-05 1e-05 2e-05 3e-05 1e-05 1e-05 1e-05 0.0 1e-05 2e-05 4e-05 0.0 0.0 2e-05 4e-05 1e-05 2e-05 2e-05 1e-05 2e-05 2e-05 1e-05 
0 0 0 0 0 0 0 0 0 0 0 0 0 0 0 0 1 1 1 1 1 1 1 1 1 1 1 1 1 1 1 1 2 2 2 2 2 2 2 2 2 2 2 2 2 2 2 2 3 3 3 3 3 3 3 3 3 3 3 3 3 3 3 3 4 4 4 4 4 4 4 4 4 4 4 4 4 4 4 4 5 5 5 5 5 5 5 5 5 5 5 5 5 5 5 5 
-1 --5 6 0 -2 -4 -3 1 2 4 ++10 7 3 5 8 9 -1 --5 6 0 -2 -4 -3 1 2 4 ++10 7 3 5 8 9 -1 --5 6 0 -2 -4 -3 1 2 4 ++10 7 3 5 8 9 -1 --5 6 0 -2 -4 -3 1 2 4 ++10 7 3 5 8 9 -1 --5 6 0 -2 -4 -3 1 2 4 ++10 7 3 5 8 9 -1 --5 6 0 -2 -4 -3 1 2 4 ++10 7 3 5 8 9 
-0.0 0.00185 -0.0 4e-05 -0.0 -0.0 -0.0 0.00011 0.01338 1e-05 -0.0 -0.0 1e-05 1e-05 -0.0 -0.0 1e-05 -0.0 -0.0 0.07699 -0.0 -0.0 -0.0 5e-05 0.00937 -0.0 -0.0 -0.0 1e-05 1e-05 -0.0 -0.0 -0.0 -0.0 -0.0 3e-05 0.00268 -0.0 0.00812 0.39178 2e-05 -0.0 -0.0 -0.0 1e-05 1e-05 -0.0 -0.0 1e-05 0.00218 -0.0 1e-05 1e-05 0.00289 0.00472 1e-05 1e-05 -0.0 -0.0 -0.0 2e-05 -0.0 -0.0 -0.0 -0.0 -0.0 -0.0 3e-05 -0.0 -0.0 -0.0 3e-05 2e-05 1e-05 -0.0 -0.0 1e-05 1e-05 -0.0 -0.0 1e-05 -0.0 -0.0 0.4605 -0.0 -0.0 -0.0 3e-05 0.01431 0.0014 -0.0 1e-05 0.00564 0.00372 -0.0 -0.0 
0 0 0 0 0 0 0 0 0 0 0 0 0 0 0 0 1 1 1 1 1 1 1 1 1 1 1 1 1 1 1 1 2 2 2 2 2 2 2 2 2 2 2 2 2 2 2 2 3 3 3 3 3 3 3 3 3 3 3 3 3 3 3 3 4 4 4 4 4 4 4 4 4 4 4 4 4 4 4 4 5 5 5 5 5 5 5 5 5 5 5 5 5 5 5 5 
-1 --5 6 0 -2 -4 -3 1 2 4 ++10 7 3 5 8 9 -1 --5 6 0 -2 -4 -3 1 2 4 ++10 7 3 5 8 9 -1 --5 6 0 -2 -4 -3 1 2 4 ++10 7 3 5 8 9 -1 --5 6 0 -2 -4 -3 1 2 4 ++10 7 3 5 8 9 -1 --5 6 0 -2 -4 -3 1 2 4 ++10 7 3 5 8 9 -1 --5 6 0 -2 -4 -3 1 2 4 ++10 7 3 5 8 9 
