unknown MCGT
0
0.0125 -0.0 -0.0 0.38488 1e-05 -0.0 -0.0 0.17587 0.00122 -0.0 -0.0 -0.0 3e-05 -0.0 -0.0 -0.0 2e-05 -0.0 -0.0 3e-05 -0.0 -0.0 -0.0 0.00939 2e-05 -0.0 -0.0 -0.0 5e-05 -0.0 -0.0 -0.0 -0.0 -0.0 -0.0 2e-05 -0.0 -0.0 -0.0 1e-05 1e-05 -0.0 -0.0 -0.0 0.00115 -0.0 -0.0 -0.0 1e-05 -0.0 -0.0 0.02435 -0.0 -0.0 -0.0 0.07613 0.00472 -0.0 -0.0 -0.0 -0.0 -0.0 -0.0 -0.0 0.13918 -0.0 -0.0 0.14192 0.00115 -0.0 -0.0 0.00016 0.02072 -0.0 -0.0 -0.0 0.00645 -0.0 -0.0 -0.0 -0.0 -0.0 -0.0 2e-05 -0.0 -0.0 -0.0 -0.0 -0.0 -0.0 -0.0 -0.0 1e-05 -0.0 -0.0 -0.0 
0 0 0 0 0 0 0 0 0 0 0 0 0 0 0 0 1 1 1 1 1 1 1 1 1 1 1 1 1 1 1 1 2 2 2 2 2 2 2 2 2 2 2 2 2 2 2 2 3 3 3 3 3 3 3 3 3 3 3 3 3 3 3 3 4 4 4 4 4 4 4 4 4 4 4 4 4 4 4 4 5 5 5 5 5 5 5 5 5 5 5 5 5 5 5 5 
-1 --5 6 0 -2 -4 -3 1 2 4 ++10 7 3 5 8 9 -1 --5 6 0 -2 -4 -3 1 2 4 ++10 7 3 5 8 9 -1 --5 6 0 -2 -4 -3 1 2 4 ++10 7 3 5 8 9 -1 --5 6 0 -2 -4 -3 1 2 4 ++10 7 3 5 8 9 -1 --5 6 0 -2 -4 -3 1 2 4 ++10 7 3 5 8 9 -1 --5 6 0 -2 -4 -3 1 2 4 ++10 7 3 5 8 9 
-0.0 -0.0 -0.0 2e-05 -0.0 -0.0 -0.0 4e-05 1e-05 1e-05 1e-05 1e-05 2e-05 -0.0 -0.0 1e-05 1e-05 -0.0 1e-05 0.31583 -0.0 -0.0 -0.0 0.1464 0.0533 3e-05 3e-05 1e-05 7e-05 0.00763 1e-05 1e-05 2e-05 -0.0 1e-05 0.26217 -0.0 -0.0 -0.0 0.11341 7e-05 3e-05 1e-05 2e-05 3e-05 2e-05 1e-05 1e-05 -0.0 -0.0 -0.0 2e-05 -0.0 -0.0 -0.0 0.09684 1e-05 1e-05 -0.0 -0.0 3e-05 -0.0 1e-05 1e-05 2e-05 -0.0 1e-05 0.0001 2e-05 -0.0 -0.0 4e-05 3e-05 2e-05 2e-05 4e-05 4e-05 1e-05 1e-05 1e-05 0.00035 -0.0 3e-05 4e-05 1e-05 -0.0 -0.0 8e-05 5e-05 2e-05 0.00294 1e-05 2e-05 1e-05 -0.0 1e-05 
0 0 0 0 0 0 0 0 0 0 0 0 0 0 0 0 1 1 1 1 1 1 1 1 1 1 1 1 1 1 1 1 2 2 2 2 2 2 2 2 2 2 2 2 2 2 2 2 3 3 3 3 3 3 3 3 3 3 3 3 3 3 3 3 4 4 4 4 4 4 4 4 4 4 4 4 4 4 4 4 5 5 5 5 5 5 5 5 5 5 5 5 5 5 5 5 
-1 --5 6 0 -2 -4 -3 1 2 4 ++10 7 3 5 8 9 -1 --5 6 0 -2 -4 -3 1 2 4 ++10 7 3 5 8 9 -1 --5 6 0 -2 -4 -3 1 2 4 ++10 7 3 5 8 9 -1 --5 6 0 -2 -4 -3 1 2 4 ++10 7 3 5 8 9 -1 --5 6 0 -2 -4 -3 1 2 4 ++10 7 3 5 8 9 -1 --5 6 0 -2 -4 -3 1 2 4 ++10 7 3 5 8 9 
0.0 0.0 1e-05 1e-05 0.0 0.0 0.0 2e-05 1e-05 3e-05 2e-05 0.0 2e-05 1e-05 1e-05 1e-05 1e-05 0.0 1e-05 5e-05 0.0 1e-05 0.0 3e-05 5e-05 0.00025 0.00971 0.00064 4e-05 2e-05 1e-05 4e-05 2e-05 0.0 6e-05 0.33476 0.0 0.00149 0.0 0.20639 0.0038 0.02713 2e-05 2e-05 5e-05 2e-05 2e-05 1e-05 0.0 0.0 0.0 1e-05 0.0 0.0 0.0 3e-05 0.0 7e-05 1e-05 0.0 0.00467 1e-05 0.0 1e-05 1e-05 0.0 2e-05 4e-05 1e-05 1e-05 0.0 1e-05 2e-05 3e-05 4e-05 2e-05 4e-05 0.0 1e-05 2e-05 0.0436 0.0 0.02357 0.15371 0.00309 0.0 1e-05 0.0358 0.05588 0.01561 2e-05 0.0071 0.05889 2e-05 0.01288 4e-05 
0 0 0 0 0 0 0 0 0 0 0 0 0 0 0 0 1 1 1 1 1 1 1 1 1 1 1 1 1 1 1 1 2 2 2 2 2 2 2 2 2 2 2 2 2 2 2 2 3 3 3 3 3 3 3 3 3 3 3 3 3 3 3 3 4 4 4 4 4 4 4 4 4 4 4 4 4 4 4 4 5 5 5 5 5 5 5 5 5 5 5 5 5 5 5 5 
-1 --5 6 0 -2 -4 -3 1 2 4 ++10 7 3 5 8 9 -1 --5 6 0 -2 -4 -3 1 2 4 ++10 7 3 5 8 9 -1 --5 6 0 -2 -4 -3 1 2 4 ++10 7 3 5 8 9 -1 --5 6 0 -2 -4 -3 1 2 4 ++10 7 3 5 8 9 -1 --5 6 0 -2 -4 -3 1 2 4 ++10 7 3 5 8 9 -1 --5 6 0 -2 -4 -3 1 2 4 ++10 7 3 5 8 9 
0.00767 0.0 0.0 3e-05 0.0 0.0 0.0 2e-05 1e-05 1e-05 0.0 0.0 3e-05 0.0 0.0 0.0 0.27569 0.0 0.0 0.19672 0.0 0.0 0.0 9e-05 0.00851 8e-05 1e-05 0.0 3e-05 1e-05 0.0 0.0 0.01214 0.0 0.0 7e-05 0.0 0.0 0.0 4e-05 6e-05 2e-05 0.0 0.0 0.00952 1e-05 0.0 0.0 1e-05 0.0 0.0 0.38472 0.0 0.0 0.0 0.05608 0.00117 0.0 0.0 0.0 4e-05 0.0 0.00141 0.0 0.00021 0.0 0.0 0.01848 0.00199 0.0 0.0 3e-05 0.00184 0.00167 0.0 0.00657 0.00399 0.0 0.0 0.0 0.01103 0.0 0.0 2e-05 0.0 0.0 0.0 1e-05 1e-05 0.0 0.0 1e-05 1e-05 0.0 0.0 0.0 
0 0 0 0 0 0 0 0 0 0 0 0 0 0 0 0 1 1 1 1 1 1 1 1 1 1 1 1 1 1 1 1 2 2 2 2 2 2 2 2 2 2 2 2 2 2 2 2 3 3 3 3 3 3 3 3 3 3 3 3 3 3 3 3 4 4 4 4 4 4 4 4 4 4 4 4 4 4 4 4 5 5 5 5 5 5 5 5 5 5 5 5 5 5 5 5 
-1 --5 6 0 -2 -4 -3 1 2 4 ++10 7 3 5 8 9 -1 --5 6 0 -2 -4 -3 1 2 4 ++10 7 3 5 8 9 -1 --5 6 0 -2 -4 -3 1 2 4 ++10 7 3 5 8 9 -1 --5 6 0 -2 -4 -3 1 2 4 ++10 7 3 5 8 9 -1 --5 6 0 -2 -4 -3 1 2 4 ++10 7 3 5 8 9 -1 --5 6 0 -2 -4 -3 1 2 4 ++10 7 3 5 8 9 
1e-05 -0.0 0.00271 0.00017 1e-05 -0.0 0.0087 0.00027 0.01564 1e-05 -0.0 -0.0 1e-05 1e-05 -0.0 -0.0 1e-05 -0.0 -0.0 0.08278 -0.0 -0.0 -0.0 6e-05 0.01029 1e-05 -0.0 1e-05 0.0051 2e-05 -0.0 -0.0 -0.0 -0.0 -0.0 2e-05 -0.0 -0.0 1e-05 1e-05 1e-05 -0.0 -0.0 1e-05 2e-05 1e-05 -0.0 -0.0 -0.0 0.00274 -0.0 2e-05 0.00473 -0.0 1e-05 0.3792 1e-05 -0.0 -0.0 -0.0 -0.0 -0.0 -0.0 -0.0 2e-05 0.01323 -0.0 0.43304 0.01412 0.00621 0.00562 4e-05 6e-05 0.00139 -0.0 1e-05 5e-05 0.00245 -0.0 -0.0 -0.0 -0.0 -0.0 1e-05 2e-05 -0.0 0.00494 -0.0 0.00183 1e-05 -0.0 -0.0 0.00442 -0.0 -0.0 -0.0 
0 0 0 0 0 0 0 0 0 0 0 0 0 0 0 0 1 1 1 1 1 1 1 1 1 1 1 1 1 1 1 1 2 2 2 2 2 2 2 2 2 2 2 2 2 2 2 2 3 3 3 3 3 3 3 3 3 3 3 3 3 3 3 3 4 4 4 4 4 4 4 4 4 4 4 4 4 4 4 4 5 5 5 5 5 5 5 5 5 5 5 5 5 5 5 5 
-1 --5 6 0 -2 -4 -3 1 2 4 ++10 7 3 5 8 9 -1 --5 6 0 -2 -4 -3 1 2 4 ++10 7 3 5 8 9 -1 --5 6 0 -2 -4 -3 1 2 4 ++10 7 3 5 8 9 -1 --5 6 0 -2 -4 -3 1 2 4 ++10 7 3 5 8 9 -1 --5 6 0 -2 -4 -3 1 2 4 ++10 7 3 5 8 9 -1 --5 6 0 -2 -4 -3 1 2 4 ++10 7 3 5 8 9 
-0.0 -0.0 2e-05 1e-05 -0.0 -0.0 -0.0 5e-05 2e-05 0.00023 2e-05 1e-05 7e-05 2e-05 3e-05 2e-05 1e-05 -0.0 4e-05 3e-05 -0.0 -0.0 -0.0 8e-05 0.02618 0.07471 0.00024 0.03575 0.08521 0.06112 0.03494 0.02178 1e-05 -0.0 0.06924 7e-05 -0.0 -0.0 -0.0 8e-05 0.00527 0.00019 0.00277 6e-05 6e-05 4e-05 2e-05 2e-05 -0.0 1e-05 1e-05 1e-05 -0.0 -0.0 -0.0 0.00017 1e-05 0.00711 1e-05 -0.0 4e-05 1e-05 4e-05 1e-05 1e-05 1e-05 0.00628 3e-05 0.00657 -0.0 -0.0 6e-05 0.02078 4e-05 0.02674 2e-05 0.02365 4e-05 3e-05 3e-05 1e-05 0.00585 2e-05 6e-05 0.01239 -0.0 -0.0 0.18794 0.10573 0.05852 1e-05 0.01402 0.03163 0.05559 1e-05 0.01827 
0 0 0 0 0 0 0 0 0 0 0 0 0 0 0 0 1 1 1 1 1 1 1 1 1 1 1 1 1 1 1 1 2 2 2 2 2 2 2 2 2 2 2 2 2 2 2 2 3 3 3 3 3 3 3 3 3 3 3 3 3 3 3 3 4 4 4 4 4 4 4 4 4 4 4 4 4 4 4 4 5 5 5 5 5 5 5 5 5 5 5 5 5 5 5 5 
-1 --5 6 0 -2 -4 -3 1 2 4 ++10 7 3 5 8 9 -1 --5 6 0 -2 -4 -3 1 2 4 ++10 7 3 5 8 9 -1 --5 6 0 -2 -4 -3 1 2 4 ++10 7 3 5 8 9 -1 --5 6 0 -2 -4 -3 1 2 4 ++10 7 3 5 8 9 -1 --5 6 0 -2 -4 -3 1 2 4 ++10 7 3 5 8 9 -1 --5 6 0 -2 -4 -3 1 2 4 ++10 7 3 5 8 9 
