unknown MCGT
0
3e-05 -0.0 -0.0 0.40653 -0.0 -0.0 -0.0 0.21643 0.01027 -0.0 -0.0 -0.0 2e-05 -0.0 -0.0 -0.0 -0.0 -0.0 -0.0 1e-05 -0.0 -0.0 -0.0 1e-05 1e-05 -0.0 -0.0 -0.0 0.00247 -0.0 -0.0 -0.0 -0.0 -0.0 -0.0 2e-05 -0.0 -0.0 -0.0 7e-05 1e-05 -0.0 -0.0 -0.0 1e-05 -0.0 -0.0 -0.0 0.17831 -0.0 -0.0 0.14615 0.00088 -0.0 -0.0 0.01395 5e-05 -0.0 -0.0 -0.0 0.00564 -0.0 -0.0 -0.0 1e-05 -0.0 -0.0 0.00336 -0.0 -0.0 -0.0 -0.0 1e-05 -0.0 -0.0 -0.0 -0.0 -0.0 -0.0 -0.0 9e-05 -0.0 -0.0 4e-05 -0.0 -0.0 -0.0 0.00016 0.01434 -0.0 -0.0 -0.0 0.00115 -0.0 -0.0 -0.0 
0 0 0 0 0 0 0 0 0 0 0 0 0 0 0 0 1 1 1 1 1 1 1 1 1 1 1 1 1 1 1 1 2 2 2 2 2 2 2 2 2 2 2 2 2 2 2 2 3 3 3 3 3 3 3 3 3 3 3 3 3 3 3 3 4 4 4 4 4 4 4 4 4 4 4 4 4 4 4 4 5 5 5 5 5 5 5 5 5 5 5 5 5 5 5 5 
-1 --5 6 0 -2 -4 -3 1 2 4 ++10 7 3 5 8 9 -1 --5 6 0 -2 -4 -3 1 2 4 ++10 7 3 5 8 9 -1 --5 6 0 -2 -4 -3 1 2 4 ++10 7 3 5 8 9 -1 --5 6 0 -2 -4 -3 1 2 4 ++10 7 3 5 8 9 -1 --5 6 0 -2 -4 -3 1 2 4 ++10 7 3 5 8 9 -1 --5 6 0 -2 -4 -3 1 2 4 ++10 7 3 5 8 9 
-0.0 -0.0 2e-05 1e-05 -0.0 -0.0 -0.0 3e-05 1e-05 7e-05 2e-05 1e-05 3e-05 2e-05 3e-05 2e-05 1e-05 -0.0 0.04133 0.28176 0.00693 -0.0 -0.0 0.24424 0.11166 0.07265 0.0059 0.02266 0.06357 0.03865 0.01534 0.01221 -0.0 1e-05 1e-05 3e-05 -0.0 -0.0 -0.0 0.02762 1e-05 0.00362 1e-05 -0.0 3e-05 1e-05 2e-05 1e-05 1e-05 -0.0 0.00018 2e-05 -0.0 -0.0 -0.0 5e-05 2e-05 0.00134 0.00048 0.00012 0.00261 0.00981 0.00381 0.00337 1e-05 1e-05 1e-05 2e-05 -0.0 -0.0 -0.0 1e-05 0.00101 1e-05 0.00052 1e-05 0.00332 -0.0 -0.0 -0.0 1e-05 -0.0 6e-05 3e-05 -0.0 -0.0 -0.0 6e-05 2e-05 0.00014 0.01277 4e-05 0.01141 0.00018 7e-05 6e-05 
0 0 0 0 0 0 0 0 0 0 0 0 0 0 0 0 1 1 1 1 1 1 1 1 1 1 1 1 1 1 1 1 2 2 2 2 2 2 2 2 2 2 2 2 2 2 2 2 3 3 3 3 3 3 3 3 3 3 3 3 3 3 3 3 4 4 4 4 4 4 4 4 4 4 4 4 4 4 4 4 5 5 5 5 5 5 5 5 5 5 5 5 5 5 5 5 
-1 --5 6 0 -2 -4 -3 1 2 4 ++10 7 3 5 8 9 -1 --5 6 0 -2 -4 -3 1 2 4 ++10 7 3 5 8 9 -1 --5 6 0 -2 -4 -3 1 2 4 ++10 7 3 5 8 9 -1 --5 6 0 -2 -4 -3 1 2 4 ++10 7 3 5 8 9 -1 --5 6 0 -2 -4 -3 1 2 4 ++10 7 3 5 8 9 -1 --5 6 0 -2 -4 -3 1 2 4 ++10 7 3 5 8 9 
1e-05 0.0 0.0 2e-05 0.0 0.0 0.0 2e-05 1e-05 1e-05 0.0 0.0 2e-05 0.0 1e-05 0.0 0.15401 0.0 0.0 0.18884 5e-05 0.0 0.0 0.03247 0.01264 2e-05 1e-05 2e-05 0.01905 1e-05 1e-05 0.0 1e-05 0.0 0.0 0.39857 0.0 0.0 0.0 0.0002 0.00146 0.0 0.0 0.0 0.00467 0.0 0.00201 0.0 0.04885 0.0 0.0 6e-05 1e-05 0.0 0.0 2e-05 0.00013 4e-05 1e-05 1e-05 7e-05 1e-05 1e-05 0.0 1e-05 0.0 0.00199 1e-05 0.0 0.0 0.0 0.0 0.0 0.0 1e-05 0.00165 2e-05 0.0 0.0 0.0 0.11815 0.0 0.0 0.00046 0.00352 0.0 0.0 3e-05 0.01076 5e-05 1e-05 0.0 4e-05 1e-05 1e-05 0.0 
0 0 0 0 0 0 0 0 0 0 0 0 0 0 0 0 1 1 1 1 1 1 1 1 1 1 1 1 1 1 1 1 2 2 2 2 2 2 2 2 2 2 2 2 2 2 2 2 3 3 3 3 3 3 3 3 3 3 3 3 3 3 3 3 4 4 4 4 4 4 4 4 4 4 4 4 4 4 4 4 5 5 5 5 5 5 5 5 5 5 5 5 5 5 5 5 
-1 --5 6 0 -2 -4 -3 1 2 4 ++10 7 3 5 8 9 -1 --5 6 0 -2 -4 -3 1 2 4 ++10 7 3 5 8 9 -1 --5 6 0 -2 -4 -3 1 2 4 ++10 7 3 5 8 9 -1 --5 6 0 -2 -4 -3 1 2 4 ++10 7 3 5 8 9 -1 --5 6 0 -2 -4 -3 1 2 4 ++10 7 3 5 8 9 -1 --5 6 0 -2 -4 -3 1 2 4 ++10 7 3 5 8 9 
0.0 0.0 0.0 0.00642 0.0 0.0 0.0 0.00014 5e-05 1e-05 0.0 0.0 1e-05 1e-05 0.0 0.0 0.0 0.0 0.0 1e-05 0.0 0.0 0.0 1e-05 0.00378 1e-05 0.0 0.0 1e-05 1e-05 0.0 0.0 0.0 0.0 0.0 1e-05 0.0 0.0 0.0 0.16044 1e-05 0.0 0.0 0.0 0.0 0.0 0.0 0.0 0.0 0.0 0.0 0.24962 0.0 0.0 0.0 0.19448 0.03101 2e-05 0.0 1e-05 0.00499 0.00403 0.0 0.0 2e-05 0.00275 0.0 1e-05 0.0 0.0 0.0 0.0 0.0 0.0 0.0 0.0 0.0 0.0 0.0 0.0 0.0 0.0 0.0 0.33562 0.0 0.0 0.0 0.00017 5e-05 0.00428 0.0 0.00202 3e-05 3e-05 0.0 0.0 
0 0 0 0 0 0 0 0 0 0 0 0 0 0 0 0 1 1 1 1 1 1 1 1 1 1 1 1 1 1 1 1 2 2 2 2 2 2 2 2 2 2 2 2 2 2 2 2 3 3 3 3 3 3 3 3 3 3 3 3 3 3 3 3 4 4 4 4 4 4 4 4 4 4 4 4 4 4 4 4 5 5 5 5 5 5 5 5 5 5 5 5 5 5 5 5 
-1 --5 6 0 -2 -4 -3 1 2 4 ++10 7 3 5 8 9 -1 --5 6 0 -2 -4 -3 1 2 4 ++10 7 3 5 8 9 -1 --5 6 0 -2 -4 -3 1 2 4 ++10 7 3 5 8 9 -1 --5 6 0 -2 -4 -3 1 2 4 ++10 7 3 5 8 9 -1 --5 6 0 -2 -4 -3 1 2 4 ++10 7 3 5 8 9 -1 --5 6 0 -2 -4 -3 1 2 4 ++10 7 3 5 8 9 
0.0 1e-05 2e-05 1e-05 0.03262 1e-05 0.0 0.0 3e-05 1e-05 0.0 0.0 1e-05 1e-05 1e-05 0.0 1e-05 0.0 1e-05 1e-05 1e-05 0.0 1e-05 0.0 6e-05 0.01627 0.0 0.0 0.07859 0.01835 2e-05 0.0 0.0 1e-05 0.03179 1e-05 1e-05 0.0 1e-05 1e-05 1e-05 1e-05 0.0 0.0 1e-05 1e-05 0.0 0.0 1e-05 0.0 1e-05 1e-05 1e-05 6e-05 0.0 1e-05 0.04019 0.0 0.0 0.0 2e-05 6e-05 0.02727 0.0 0.10585 0.13481 1e-05 0.16591 0.14489 0.04934 0.13974 0.0 1e-05 0.0 0.0 0.0 1e-05 0.0 0.0 0.0 1e-05 1e-05 1e-05 2e-05 1e-05 0.0138 0.0 1e-05 3e-05 0.0 0.0 1e-05 3e-05 2e-05 1e-05 0.0 
0 0 0 0 0 0 0 0 0 0 0 0 0 0 0 0 1 1 1 1 1 1 1 1 1 1 1 1 1 1 1 1 2 2 2 2 2 2 2 2 2 2 2 2 2 2 2 2 3 3 3 3 3 3 3 3 3 3 3 3 3 3 3 3 4 4 4 4 4 4 4 4 4 4 4 4 4 4 4 4 5 5 5 5 5 5 5 5 5 5 5 5 5 5 5 5 
-1 --5 6 0 -2 -4 -3 1 2 4 ++10 7 3 5 8 9 -1 --5 6 0 -2 -4 -3 1 2 4 ++10 7 3 5 8 9 -1 --5 6 0 -2 -4 -3 1 2 4 ++10 7 3 5 8 9 -1 --5 6 0 -2 -4 -3 1 2 4 ++10 7 3 5 8 9 -1 --5 6 0 -2 -4 -3 1 2 4 ++10 7 3 5 8 9 -1 --5 6 0 -2 -4 -3 1 2 4 ++10 7 3 5 8 9 
0.0 0.0 0.0 2e-05 1e-05 0.0 1e-05 3e-05 3e-05 2e-05 0.0 0.0 1e-05 0.0 0.0 0.0 1e-05 0.0 1e-05 0.12152 0.0 0.0 1e-05 5e-05 3e-05 2e-05 1e-05 0.0 6e-05 1e-05 1e-05 0.0 0.0 1e-05 0.0 0.00771 1e-05 0.0 1e-05 0.32774 0.00266 3e-05 0.0 0.0 1e-05 0.0 0.0 0.0 2e-05 0.0 0.0 0.00015 0.0 0.0 0.0 0.00014 0.01343 1e-05 0.0 1e-05 4e-05 1e-05 0.0 0.0 0.0052 0.0 1e-05 0.01441 1e-05 0.0 0.0 0.0 0.0 0.0 0.0 1e-05 0.00298 0.0 0.0 0.0 1e-05 0.0 0.0 0.45484 0.0 0.0 0.00149 0.04169 0.00015 3e-05 0.0 0.00488 2e-05 0.0005 0.0 0.0 
0 0 0 0 0 0 0 0 0 0 0 0 0 0 0 0 1 1 1 1 1 1 1 1 1 1 1 1 1 1 1 1 2 2 2 2 2 2 2 2 2 2 2 2 2 2 2 2 3 3 3 3 3 3 3 3 3 3 3 3 3 3 3 3 4 4 4 4 4 4 4 4 4 4 4 4 4 4 4 4 5 5 5 5 5 5 5 5 5 5 5 5 5 5 5 5 
-1 --5 6 0 -2 -4 -3 1 2 4 ++10 7 3 5 8 9 -1 --5 6 0 -2 -4 -3 1 2 4 ++10 7 3 5 8 9 -1 --5 6 0 -2 -4 -3 1 2 4 ++10 7 3 5 8 9 -1 --5 6 0 -2 -4 -3 1 2 4 ++10 7 3 5 8 9 -1 --5 6 0 -2 -4 -3 1 2 4 ++10 7 3 5 8 9 -1 --5 6 0 -2 -4 -3 1 2 4 ++10 7 3 5 8 9 
