unknown MCGT
0
0.05022 0.15605 0.1906 0.04446 0.06246 0.04374 0.07901 0.05814 0.0387 0.05382 0.04014 0.03582 0.0387 0.03726 0.03438 0.03654 
1 1 0 0 0 0 0 0 0 0 0 0 0 0 0 0 
-1 1 0 6 3 -2 2 4 -3 5 8 ++10 7 --5 -4 9 
0.48838 0.2598 0.07255 0.04483 0.0287 0.00576 0.01257 0.00602 0.02038 0.00501 0.00904 0.00753 0.01383 0.00728 0.00929 0.00904 
1 2 1 3 3 0 4 0 5 0 0 0 0 0 1 0 
0 1 -1 2 3 --5 5 -3 4 -4 7 -2 6 9 ++10 8 
0.52223 0.16325 0.15931 0.02814 0.04984 0.01434 0.00645 0.00546 0.01237 0.00743 0.01237 0.00645 0.01237 
1 1 1 0 4 0 0 0 0 0 0 0 0 
0 -1 1 3 2 4 -2 8 5 ++10 7 9 6 
0.27311 0.31574 0.07931 0.01342 0.0638 0.07156 0.05605 0.04442 0.02504 0.01342 0.01342 0.01729 0.01342 
1 1 1 1 0 0 0 0 0 1 0 0 1 
1 0 2 -1 4 3 5 6 7 ++10 --5 9 8 
0.20208 0.38958 0.12708 0.01458 0.07708 0.02708 0.01458 0.03958 0.06458 0.01458 0.01458 0.01458 
0 0 0 0 0 0 1 0 0 0 0 0 
0 1 4 9 2 8 -1 7 3 5 ++10 -2 
0.29948 0.34635 0.0651 0.03385 0.01823 0.0651 0.0651 0.01823 0.01823 0.01823 0.03385 0.01823 
0 1 0 0 0 0 0 1 0 0 0 0 
1 0 2 3 6 5 4 -1 8 9 7 ++10 
