unknown MCGT
0
1e-05 -0.0 -0.0 0.06053 1e-05 -0.0 -0.0 0.16376 0.01184 -0.0 -0.0 -0.0 1e-05 -0.0 1e-05 -0.0 0.2336 -0.0 -0.0 0.00017 0.00156 -0.0 -0.0 0.03267 0.00676 1e-05 1e-05 -0.0 0.00564 -0.0 -0.0 -0.0 1e-05 -0.0 -0.0 2e-05 -0.0 -0.0 -0.0 1e-05 -0.0 -0.0 -0.0 -0.0 1e-05 -0.0 -0.0 -0.0 3e-05 -0.0 -0.0 3e-05 -0.0 -0.0 -0.0 4e-05 1e-05 1e-05 -0.0 -0.0 0.00118 -0.0 -0.0 -0.0 1e-05 -0.0 -0.0 1e-05 -0.0 -0.0 -0.0 -0.0 -0.0 -0.0 -0.0 -0.0 1e-05 -0.0 -0.0 -0.0 4e-05 -0.0 -0.0 0.48031 -0.0 -0.0 -0.0 0.00133 0.00019 1e-05 -0.0 -0.0 0.00019 -0.0 -0.0 -0.0 
0 0 0 0 0 0 0 0 0 0 0 0 0 0 0 0 1 1 1 1 1 1 1 1 1 1 1 1 1 1 1 1 2 2 2 2 2 2 2 2 2 2 2 2 2 2 2 2 3 3 3 3 3 3 3 3 3 3 3 3 3 3 3 3 4 4 4 4 4 4 4 4 4 4 4 4 4 4 4 4 5 5 5 5 5 5 5 5 5 5 5 5 5 5 5 5 
-1 --5 6 0 -2 -4 -3 1 2 4 ++10 7 3 5 8 9 -1 --5 6 0 -2 -4 -3 1 2 4 ++10 7 3 5 8 9 -1 --5 6 0 -2 -4 -3 1 2 4 ++10 7 3 5 8 9 -1 --5 6 0 -2 -4 -3 1 2 4 ++10 7 3 5 8 9 -1 --5 6 0 -2 -4 -3 1 2 4 ++10 7 3 5 8 9 -1 --5 6 0 -2 -4 -3 1 2 4 ++10 7 3 5 8 9 
0.0 0.0 0.0 3e-05 1e-05 0.0 0.0 0.172 0.00202 0.00055 0.0 1e-05 1e-05 1e-05 1e-05 0.0 1e-05 0.0 0.0 0.4478 0.0 0.0 1e-05 9e-05 0.03257 0.00323 0.0 2e-05 0.0042 0.00317 1e-05 0.0 0.0 0.0 2e-05 0.00851 1e-05 0.0 0.0 3e-05 4e-05 2e-05 0.00092 0.0 1e-05 0.0 1e-05 0.0 0.0 0.0 1e-05 0.09332 0.0 0.0 1e-05 0.22839 3e-05 3e-05 0.0 1e-05 1e-05 1e-05 0.00089 0.0 2e-05 0.00148 1e-05 5e-05 0.0 0.0 1e-05 1e-05 1e-05 1e-05 0.0 1e-05 1e-05 0.0 1e-05 0.0 0.0 0.0 0.0 4e-05 0.0 0.0 0.0 0.00012 0.00024 2e-05 0.0 1e-05 2e-05 1e-05 1e-05 0.0 
0 0 0 0 0 0 0 0 0 0 0 0 0 0 0 0 1 1 1 1 1 1 1 1 1 1 1 1 1 1 1 1 2 2 2 2 2 2 2 2 2 2 2 2 2 2 2 2 3 3 3 3 3 3 3 3 3 3 3 3 3 3 3 3 4 4 4 4 4 4 4 4 4 4 4 4 4 4 4 4 5 5 5 5 5 5 5 5 5 5 5 5 5 5 5 5 
-1 --5 6 0 -2 -4 -3 1 2 4 ++10 7 3 5 8 9 -1 --5 6 0 -2 -4 -3 1 2 4 ++10 7 3 5 8 9 -1 --5 6 0 -2 -4 -3 1 2 4 ++10 7 3 5 8 9 -1 --5 6 0 -2 -4 -3 1 2 4 ++10 7 3 5 8 9 -1 --5 6 0 -2 -4 -3 1 2 4 ++10 7 3 5 8 9 -1 --5 6 0 -2 -4 -3 1 2 4 ++10 7 3 5 8 9 
-0.0 -0.0 1e-05 1e-05 1e-05 -0.0 -0.0 0.01783 2e-05 4e-05 1e-05 1e-05 2e-05 1e-05 3e-05 3e-05 -0.0 -0.0 0.03416 3e-05 -0.0 1e-05 -0.0 6e-05 0.02952 0.03353 0.02995 0.02777 0.07413 0.05071 0.02156 2e-05 -0.0 0.00251 0.01376 8e-05 0.01116 -0.0 -0.0 0.19223 0.10461 0.06204 -0.0 0.01744 0.03779 0.05212 1e-05 0.01629 1e-05 -0.0 3e-05 0.0001 -0.0 -0.0 -0.0 0.00388 0.0029 0.03585 3e-05 4e-05 8e-05 6e-05 7e-05 0.00149 -0.0 -0.0 0.0142 0.09319 -0.0 -0.0 -0.0 5e-05 3e-05 2e-05 0.00353 1e-05 3e-05 1e-05 1e-05 1e-05 -0.0 -0.0 2e-05 1e-05 -0.0 0.00148 -0.0 9e-05 3e-05 5e-05 5e-05 3e-05 5e-05 2e-05 0.00014 0.01295 
0 0 0 0 0 0 0 0 0 0 0 0 0 0 0 0 1 1 1 1 1 1 1 1 1 1 1 1 1 1 1 1 2 2 2 2 2 2 2 2 2 2 2 2 2 2 2 2 3 3 3 3 3 3 3 3 3 3 3 3 3 3 3 3 4 4 4 4 4 4 4 4 4 4 4 4 4 4 4 4 5 5 5 5 5 5 5 5 5 5 5 5 5 5 5 5 
-1 --5 6 0 -2 -4 -3 1 2 4 ++10 7 3 5 8 9 -1 --5 6 0 -2 -4 -3 1 2 4 ++10 7 3 5 8 9 -1 --5 6 0 -2 -4 -3 1 2 4 ++10 7 3 5 8 9 -1 --5 6 0 -2 -4 -3 1 2 4 ++10 7 3 5 8 9 -1 --5 6 0 -2 -4 -3 1 2 4 ++10 7 3 5 8 9 -1 --5 6 0 -2 -4 -3 1 2 4 ++10 7 3 5 8 9 
1e-05 0.0 1e-05 2e-05 0.0 0.0 0.0 1e-05 1e-05 4e-05 1e-05 1e-05 7e-05 1e-05 0.00163 1e-05 0.01189 0.0 3e-05 3e-05 0.0 0.0 0.0 2e-05 0.01261 8e-05 2e-05 2e-05 6e-05 7e-05 1e-05 0.00054 0.04707 0.0 0.00525 0.13152 2e-05 0.0 0.0 0.0423 0.03713 0.00183 1e-05 0.00956 0.02912 0.00036 1e-05 1e-05 3e-05 0.0 2e-05 0.45363 0.0 0.0 0.0 0.15355 0.00283 0.01189 2e-05 4e-05 9e-05 2e-05 1e-05 2e-05 0.0159 0.0 1e-05 0.01724 0.0 0.0 0.0 4e-05 1e-05 2e-05 0.0 2e-05 0.01179 0.0 2e-05 0.0 1e-05 0.0 1e-05 2e-05 0.0 0.0 0.0 1e-05 2e-05 3e-05 1e-05 1e-05 0.00134 1e-05 3e-05 2e-05 
0 0 0 0 0 0 0 0 0 0 0 0 0 0 0 0 1 1 1 1 1 1 1 1 1 1 1 1 1 1 1 1 2 2 2 2 2 2 2 2 2 2 2 2 2 2 2 2 3 3 3 3 3 3 3 3 3 3 3 3 3 3 3 3 4 4 4 4 4 4 4 4 4 4 4 4 4 4 4 4 5 5 5 5 5 5 5 5 5 5 5 5 5 5 5 5 
-1 --5 6 0 -2 -4 -3 1 2 4 ++10 7 3 5 8 9 -1 --5 6 0 -2 -4 -3 1 2 4 ++10 7 3 5 8 9 -1 --5 6 0 -2 -4 -3 1 2 4 ++10 7 3 5 8 9 -1 --5 6 0 -2 -4 -3 1 2 4 ++10 7 3 5 8 9 -1 --5 6 0 -2 -4 -3 1 2 4 ++10 7 3 5 8 9 -1 --5 6 0 -2 -4 -3 1 2 4 ++10 7 3 5 8 9 
0.0 0.0 1e-05 0.0 2e-05 0.0 1e-05 1e-05 1e-05 1e-05 1e-05 0.0 1e-05 1e-05 1e-05 0.0 0.0 0.0 4e-05 1e-05 1e-05 0.0 0.0 1e-05 2e-05 1e-05 0.01351 2e-05 1e-05 3e-05 0.01131 1e-05 1e-05 0.0 0.0815 4e-05 1e-05 0.0 0.0 2e-05 0.0766 0.05082 0.00949 1e-05 0.09279 0.00561 0.05743 1e-05 1e-05 0.0 0.00374 2e-05 1e-05 0.0 0.0 2e-05 2e-05 1e-05 3e-05 2e-05 2e-05 2e-05 4e-05 0.0 0.08319 0.05016 0.00011 0.28693 0.07413 0.02364 0.05436 1e-05 0.00569 0.00049 0.0 1e-05 4e-05 1e-05 1e-05 0.0 0.0 0.0 1e-05 1e-05 0.01787 0.0 0.0 1e-05 1e-05 1e-05 2e-05 1e-05 1e-05 1e-05 3e-05 0.0 
0 0 0 0 0 0 0 0 0 0 0 0 0 0 0 0 1 1 1 1 1 1 1 1 1 1 1 1 1 1 1 1 2 2 2 2 2 2 2 2 2 2 2 2 2 2 2 2 3 3 3 3 3 3 3 3 3 3 3 3 3 3 3 3 4 4 4 4 4 4 4 4 4 4 4 4 4 4 4 4 5 5 5 5 5 5 5 5 5 5 5 5 5 5 5 5 
-1 --5 6 0 -2 -4 -3 1 2 4 ++10 7 3 5 8 9 -1 --5 6 0 -2 -4 -3 1 2 4 ++10 7 3 5 8 9 -1 --5 6 0 -2 -4 -3 1 2 4 ++10 7 3 5 8 9 -1 --5 6 0 -2 -4 -3 1 2 4 ++10 7 3 5 8 9 -1 --5 6 0 -2 -4 -3 1 2 4 ++10 7 3 5 8 9 -1 --5 6 0 -2 -4 -3 1 2 4 ++10 7 3 5 8 9 
1e-05 0.0 0.0 0.25187 0.00285 0.0 0.0 0.24434 3e-05 0.0 0.0 0.0 1e-05 1e-05 0.0 0.0 0.12087 0.0 0.0 0.30107 0.0 0.0 0.0 0.01085 0.03151 1e-05 0.0 0.0 0.00623 0.00248 0.0 0.0 2e-05 0.0 0.0 4e-05 0.0 0.0 0.0 2e-05 0.00221 0.0 2e-05 0.0 0.00548 0.0 1e-05 0.00254 1e-05 0.0 0.0 4e-05 0.0 0.0 0.00146 6e-05 2e-05 2e-05 0.0 0.0 1e-05 1e-05 0.0 0.0 1e-05 0.00146 0.0 2e-05 0.0 0.0 0.00344 1e-05 1e-05 0.0 0.0 0.0 0.0 0.0 0.0 0.0 2e-05 0.0 0.0 0.00674 0.0 0.0 0.0 0.0001 0.00413 0.0 0.0 0.0 2e-05 1e-05 0.0 0.0 
0 0 0 0 0 0 0 0 0 0 0 0 0 0 0 0 1 1 1 1 1 1 1 1 1 1 1 1 1 1 1 1 2 2 2 2 2 2 2 2 2 2 2 2 2 2 2 2 3 3 3 3 3 3 3 3 3 3 3 3 3 3 3 3 4 4 4 4 4 4 4 4 4 4 4 4 4 4 4 4 5 5 5 5 5 5 5 5 5 5 5 5 5 5 5 5 
-1 --5 6 0 -2 -4 -3 1 2 4 ++10 7 3 5 8 9 -1 --5 6 0 -2 -4 -3 1 2 4 ++10 7 3 5 8 9 -1 --5 6 0 -2 -4 -3 1 2 4 ++10 7 3 5 8 9 -1 --5 6 0 -2 -4 -3 1 2 4 ++10 7 3 5 8 9 -1 --5 6 0 -2 -4 -3 1 2 4 ++10 7 3 5 8 9 -1 --5 6 0 -2 -4 -3 1 2 4 ++10 7 3 5 8 9 
