unknown MCGT
0
3e-05 -0.0 -0.0 0.36133 1e-05 -0.0 -0.0 0.18241 0.00657 -0.0 -0.0 -0.0 2e-05 -0.0 -0.0 -0.0 0.15779 -0.0 -0.0 0.19002 0.00069 -0.0 -0.0 0.00026 0.01289 1e-05 -0.0 -0.0 0.00567 1e-05 -0.0 -0.0 1e-05 -0.0 -0.0 1e-05 -0.0 -0.0 -0.0 -0.0 -0.0 -0.0 -0.0 -0.0 -0.0 -0.0 -0.0 -0.0 1e-05 -0.0 -0.0 1e-05 -0.0 -0.0 -0.0 1e-05 1e-05 -0.0 -0.0 -0.0 0.00223 -0.0 -0.0 -0.0 1e-05 -0.0 -0.0 3e-05 -0.0 -0.0 -0.0 3e-05 1e-05 -0.0 -0.0 -0.0 1e-05 -0.0 -0.0 -0.0 0.05366 -0.0 -0.0 7e-05 0.00181 -0.0 -0.0 0.02434 7e-05 1e-05 -0.0 -0.0 1e-05 1e-05 -0.0 -0.0 
0 0 0 0 0 0 0 0 0 0 0 0 0 0 0 0 1 1 1 1 1 1 1 1 1 1 1 1 1 1 1 1 2 2 2 2 2 2 2 2 2 2 2 2 2 2 2 2 3 3 3 3 3 3 3 3 3 3 3 3 3 3 3 3 4 4 4 4 4 4 4 4 4 4 4 4 4 4 4 4 5 5 5 5 5 5 5 5 5 5 5 5 5 5 5 5 
-1 --5 6 0 -2 -4 -3 1 2 4 ++10 7 3 5 8 9 -1 --5 6 0 -2 -4 -3 1 2 4 ++10 7 3 5 8 9 -1 --5 6 0 -2 -4 -3 1 2 4 ++10 7 3 5 8 9 -1 --5 6 0 -2 -4 -3 1 2 4 ++10 7 3 5 8 9 -1 --5 6 0 -2 -4 -3 1 2 4 ++10 7 3 5 8 9 -1 --5 6 0 -2 -4 -3 1 2 4 ++10 7 3 5 8 9 
-0.0 -0.0 -0.0 0.00411 1e-05 -0.0 -0.0 0.26361 3e-05 1e-05 -0.0 -0.0 1e-05 1e-05 -0.0 -0.0 -0.0 -0.0 -0.0 0.14203 1e-05 -0.0 -0.0 7e-05 0.04506 3e-05 -0.0 1e-05 4e-05 2e-05 -0.0 -0.0 1e-05 0.00516 -0.0 1e-05 -0.0 -0.0 0.00298 -0.0 -0.0 -0.0 -0.0 -0.0 -0.0 -0.0 -0.0 -0.0 -0.0 -0.0 -0.0 1e-05 -0.0 -0.0 -0.0 1e-05 0.00417 1e-05 1e-05 -0.0 3e-05 -0.0 -0.0 -0.0 -0.0 -0.0 -0.0 5e-05 -0.0 -0.0 1e-05 0.00019 4e-05 1e-05 -0.0 -0.0 1e-05 1e-05 0.00037 -0.0 1e-05 -0.0 -0.0 0.38226 -0.0 -0.0 0.00161 0.13079 0.00452 2e-05 -0.0 1e-05 0.00616 0.00655 -0.0 -0.0 
0 0 0 0 0 0 0 0 0 0 0 0 0 0 0 0 1 1 1 1 1 1 1 1 1 1 1 1 1 1 1 1 2 2 2 2 2 2 2 2 2 2 2 2 2 2 2 2 3 3 3 3 3 3 3 3 3 3 3 3 3 3 3 3 4 4 4 4 4 4 4 4 4 4 4 4 4 4 4 4 5 5 5 5 5 5 5 5 5 5 5 5 5 5 5 5 
-1 --5 6 0 -2 -4 -3 1 2 4 ++10 7 3 5 8 9 -1 --5 6 0 -2 -4 -3 1 2 4 ++10 7 3 5 8 9 -1 --5 6 0 -2 -4 -3 1 2 4 ++10 7 3 5 8 9 -1 --5 6 0 -2 -4 -3 1 2 4 ++10 7 3 5 8 9 -1 --5 6 0 -2 -4 -3 1 2 4 ++10 7 3 5 8 9 -1 --5 6 0 -2 -4 -3 1 2 4 ++10 7 3 5 8 9 
-0.0 -0.0 -0.0 -0.0 -0.0 -0.0 -0.0 -0.0 -0.0 -0.0 -0.0 -0.0 -0.0 -0.0 2e-05 -0.0 -0.0 -0.0 -0.0 -0.0 -0.0 -0.0 -0.0 -0.0 -0.0 1e-05 -0.0 -0.0 -0.0 -0.0 0.0001 -0.0 0.13197 0.1076 0.03214 0.29597 0.17296 0.05933 0.11109 -0.0 -0.0 -0.0 -0.0 -0.0 -0.0 -0.0 -0.0 -0.0 -0.0 -0.0 -0.0 -0.0 -0.0 -0.0 -0.0 -0.0 -0.0 0.01108 -0.0 -0.0 0.05286 -0.0 -0.0 -0.0 -0.0 -0.0 -0.0 -0.0 -0.0 -0.0 -0.0 -0.0 -0.0 1e-05 -0.0 -0.0 1e-05 -0.0 1e-05 -0.0 -0.0 -0.0 -0.0 -0.0 -0.0 -0.0 -0.0 -0.0 -0.0 -0.0 -0.0 -0.0 -0.0 -0.0 0.02487 -0.0 
0 0 0 0 0 0 0 0 0 0 0 0 0 0 0 0 1 1 1 1 1 1 1 1 1 1 1 1 1 1 1 1 2 2 2 2 2 2 2 2 2 2 2 2 2 2 2 2 3 3 3 3 3 3 3 3 3 3 3 3 3 3 3 3 4 4 4 4 4 4 4 4 4 4 4 4 4 4 4 4 5 5 5 5 5 5 5 5 5 5 5 5 5 5 5 5 
-1 --5 6 0 -2 -4 -3 1 2 4 ++10 7 3 5 8 9 -1 --5 6 0 -2 -4 -3 1 2 4 ++10 7 3 5 8 9 -1 --5 6 0 -2 -4 -3 1 2 4 ++10 7 3 5 8 9 -1 --5 6 0 -2 -4 -3 1 2 4 ++10 7 3 5 8 9 -1 --5 6 0 -2 -4 -3 1 2 4 ++10 7 3 5 8 9 -1 --5 6 0 -2 -4 -3 1 2 4 ++10 7 3 5 8 9 
-0.0 -0.0 1e-05 1e-05 -0.0 -0.0 -0.0 5e-05 1e-05 3e-05 1e-05 1e-05 3e-05 1e-05 2e-05 2e-05 -0.0 -0.0 2e-05 2e-05 0.00178 -0.0 -0.0 4e-05 2e-05 0.00775 0.0213 0.00817 0.01537 0.01648 0.0078 0.00589 -0.0 1e-05 0.001 1e-05 -0.0 -0.0 -0.0 1e-05 -0.0 -0.0 0.00039 1e-05 0.00365 -0.0 -0.0 -0.0 1e-05 0.00207 0.04308 0.26039 0.00753 -0.0 -0.0 0.21766 0.1157 0.07968 1e-05 0.01974 0.06353 0.043 0.01445 0.01316 1e-05 -0.0 2e-05 4e-05 -0.0 -0.0 -0.0 0.01551 1e-05 0.00476 0.00017 1e-05 5e-05 2e-05 7e-05 2e-05 1e-05 -0.0 0.00545 2e-05 1e-05 -0.0 -0.0 7e-05 2e-05 0.00021 5e-05 2e-05 0.00339 0.0002 4e-05 6e-05 
0 0 0 0 0 0 0 0 0 0 0 0 0 0 0 0 1 1 1 1 1 1 1 1 1 1 1 1 1 1 1 1 2 2 2 2 2 2 2 2 2 2 2 2 2 2 2 2 3 3 3 3 3 3 3 3 3 3 3 3 3 3 3 3 4 4 4 4 4 4 4 4 4 4 4 4 4 4 4 4 5 5 5 5 5 5 5 5 5 5 5 5 5 5 5 5 
-1 --5 6 0 -2 -4 -3 1 2 4 ++10 7 3 5 8 9 -1 --5 6 0 -2 -4 -3 1 2 4 ++10 7 3 5 8 9 -1 --5 6 0 -2 -4 -3 1 2 4 ++10 7 3 5 8 9 -1 --5 6 0 -2 -4 -3 1 2 4 ++10 7 3 5 8 9 -1 --5 6 0 -2 -4 -3 1 2 4 ++10 7 3 5 8 9 -1 --5 6 0 -2 -4 -3 1 2 4 ++10 7 3 5 8 9 
1e-05 -0.0 -0.0 2e-05 -0.0 -0.0 -0.0 1e-05 1e-05 1e-05 -0.0 -0.0 3e-05 -0.0 0.00192 -0.0 4e-05 -0.0 1e-05 2e-05 1e-05 -0.0 -0.0 2e-05 0.00116 3e-05 1e-05 0.0057 7e-05 1e-05 1e-05 1e-05 1e-05 -0.0 1e-05 1e-05 -0.0 -0.0 -0.0 1e-05 -0.0 -0.0 -0.0 3e-05 3e-05 -0.0 -0.0 -0.0 0.11359 -0.0 2e-05 0.20516 1e-05 -0.0 -0.0 0.03933 0.0226 0.00013 1e-05 0.00172 0.02814 1e-05 1e-05 1e-05 8e-05 -0.0 1e-05 0.39996 -0.0 -0.0 -0.0 0.0764 0.00283 5e-05 1e-05 1e-05 0.00908 -0.0 1e-05 -0.0 0.0688 -0.0 1e-05 5e-05 -0.0 -0.0 -0.0 3e-05 0.02116 0.00163 1e-05 2e-05 3e-05 1e-05 1e-05 -0.0 
0 0 0 0 0 0 0 0 0 0 0 0 0 0 0 0 1 1 1 1 1 1 1 1 1 1 1 1 1 1 1 1 2 2 2 2 2 2 2 2 2 2 2 2 2 2 2 2 3 3 3 3 3 3 3 3 3 3 3 3 3 3 3 3 4 4 4 4 4 4 4 4 4 4 4 4 4 4 4 4 5 5 5 5 5 5 5 5 5 5 5 5 5 5 5 5 
-1 --5 6 0 -2 -4 -3 1 2 4 ++10 7 3 5 8 9 -1 --5 6 0 -2 -4 -3 1 2 4 ++10 7 3 5 8 9 -1 --5 6 0 -2 -4 -3 1 2 4 ++10 7 3 5 8 9 -1 --5 6 0 -2 -4 -3 1 2 4 ++10 7 3 5 8 9 -1 --5 6 0 -2 -4 -3 1 2 4 ++10 7 3 5 8 9 -1 --5 6 0 -2 -4 -3 1 2 4 ++10 7 3 5 8 9 
-0.0 -0.0 -0.0 2e-05 0.00151 0.00097 -0.0 4e-05 4e-05 2e-05 -0.0 -0.0 1e-05 -0.0 -0.0 -0.0 1e-05 -0.0 1e-05 9e-05 1e-05 1e-05 -0.0 4e-05 0.01205 0.00326 -0.0 2e-05 0.00546 1e-05 1e-05 -0.0 0.00529 -0.0 -0.0 2e-05 -0.0 -0.0 0.00171 -0.0 -0.0 -0.0 -0.0 0.00054 2e-05 -0.0 -0.0 -0.0 -0.0 -0.0 0.0032 6e-05 -0.0 -0.0 -0.0 3e-05 4e-05 2e-05 0.00252 -0.0 2e-05 1e-05 0.00133 -0.0 1e-05 -0.0 -0.0 0.08101 -0.0 -0.0 -0.0 0.3847 0.00357 0.00289 -0.0 1e-05 0.00024 3e-05 1e-05 -0.0 1e-05 -0.0 1e-05 0.48807 -0.0 -0.0 -0.0 6e-05 0.0001 6e-05 -0.0 3e-05 0.00013 0.00078 1e-05 -0.0 
0 0 0 0 0 0 0 0 0 0 0 0 0 0 0 0 1 1 1 1 1 1 1 1 1 1 1 1 1 1 1 1 2 2 2 2 2 2 2 2 2 2 2 2 2 2 2 2 3 3 3 3 3 3 3 3 3 3 3 3 3 3 3 3 4 4 4 4 4 4 4 4 4 4 4 4 4 4 4 4 5 5 5 5 5 5 5 5 5 5 5 5 5 5 5 5 
-1 --5 6 0 -2 -4 -3 1 2 4 ++10 7 3 5 8 9 -1 --5 6 0 -2 -4 -3 1 2 4 ++10 7 3 5 8 9 -1 --5 6 0 -2 -4 -3 1 2 4 ++10 7 3 5 8 9 -1 --5 6 0 -2 -4 -3 1 2 4 ++10 7 3 5 8 9 -1 --5 6 0 -2 -4 -3 1 2 4 ++10 7 3 5 8 9 -1 --5 6 0 -2 -4 -3 1 2 4 ++10 7 3 5 8 9 
