0.432
0.997
0.346
0.173
0.323
4.315
0.128
3.014
0.367
3.319
-0.742284609553683
1.4513382043305914
1.2042969722580446
0.49633472511176574
12.9873345990955
12.59187412463854
3.7082104258730095
3.624530491315557
1.6806201138469845
2.842374047184802
-0.6322747022702353
1.4876554924825534
3.0869138767429067
1.6421038821043572
42.41264601971721
20.158225766995262
22.284997123842317
7.085945306216829
2.4338784811651863
3.8379502886399304
-0.46462751720287543
1.3794723487561462
4.328050312591845
5.873937132975662
66.22376620377744
67.31548579966089
81.56410676164695
18.633847453266807
11.385243930076664
7.458588419514011
-0.4148377699210104
1.1201032410232312
4.265201759633775
8.984469158580767
20.392967388627557
140.22629932111303
99.93317630540393
139.0971443977052
44.23993436824206
15.648310856489504
-0.4159103312860283
1.036378417656739
16.215827216842413
10.781536329341769
35.908486991301835
36.4020744599249
23.261372127694667
213.97883684987315
80.43661679455943
64.80103565795173
-0.4035369369137353
1.0556531007175776
29.275375763511796
26.755688587945418
24.892147855225776
70.30968956986385
12.347314849974076
47.413871748520464
52.85956082152291
156.82375181743487
-0.3930554268886906
1.053249352797977
31.757363178418053
53.29332118848916
34.17875594313828
42.35438196676035
31.46725468519327
16.465093691912205
53.630942087630324
95.23246116530304
-0.3927196811903101
1.037946799836726
18.654362353088448
63.58284704045795
35.515110837708825
61.75341371448307
57.42597402774399
47.622622493265226
44.85479419219053
100.95793529557699
-0.3901594451332738
1.043821913615294
24.25960377452168
33.27797603029006
40.02544495506972
63.001740613742356
40.958311992756705
111.05106613840638
46.695830790303475
80.68703276632493
-0.39160117054218624
1.0397875738963822
29.92154958660439
43.080515905953646
36.269315454485564
74.51501494592853
26.855661776064245
80.43132063398802
46.4400653286548
84.83183395349519
-0.38933392644497344
1.0453418009365993
30.28266271089839
55.111773139997766
37.76287534137295
65.60700512183229
32.79407097375376
46.83263616280218
45.49845788275849
84.61189958228793
-0.3892392935146858
1.042355008750272
25.204885053141812
57.918999811801584
40.40492319416452
67.84226540248301
38.12968011404986
57.62317605141074
44.7059267255043
83.047830609617
-0.3885294703182688
1.0431576701728276
26.649916585535905
46.32876391814636
40.50804494371686
73.56228834043087
37.22060968967592
69.70556037902173
44.08509438692953
81.46289670548161
-0.3888678474813007
1.0414892272821512
30.24523526461154
48.05995858329038
38.867644520951394
74.47436022909763
34.97360836649168
68.64348556643539
42.96082557665505
80.54665989754967
-0.38860942157425493
1.0423938193267408
30.432723254224413
55.75891024029568
38.92701966660823
70.83370287709461
35.15439706094769
63.593850265670056
41.87794092141649
78.53052824791015
-0.38826188165318126
1.0426088570257988
28.710640143305096
56.852650701499854
39.95134365786966
70.54470634752383
36.29318091026831
63.53192277298571
41.50705343407789
76.32014097126098
-0.3882160273256572
1.0421615464664218
28.724536942607333
53.109768665140656
40.01170025137742
72.77322807253901
36.44880233512045
65.98331694840981
40.99103072309987
75.71296453291622
-0.3883508839360173
1.0418515125525942
29.992008762095818
52.64325152791342
39.516172945887014
73.11233016042983
36.0031649513786
66.51162748145349
40.12365017894059
74.9414397410655
-0.3883619710217915
1.0420339701287453
30.398209348737886
55.22918806399804
39.33445925338032
72.09627001252989
35.835604958243394
65.59876398589869
39.34647240441846
73.36480166881378
-0.38825748861706705
1.0422322389309888
30.02135422469352
56.263621271281295
39.55134775392396
71.60858727525171
36.08580216508791
65.13263160103827
39.092535466944994
71.7614279436817
-0.38824049162449953
1.042111164994254
29.925563162803478
55.48565471321344
39.59641189812843
72.0686222843533
36.19208922952936
65.64498794238096
38.86121820332172
71.29865013774449
-0.3882761947412911
1.0420235012526287
30.27470891523234
55.13920831945774
39.47214573743126
72.21851330097758
36.078850659681706
65.92655933653525
38.42984713091521
70.97529343513204
-0.3882948189242563
1.0420462036533027
30.50573086223761
55.80477452133049
39.39234173882588
71.97715315439055
35.986489361402214
65.71531283162686
38.01386535219678
70.20658223192792
-0.3882811074789603
1.0421010710236684
30.484988303154182
56.31575192384978
39.417594162068134
71.79156517268412
36.023037024334286
65.49885953709645
37.81890112518337
69.37547183839744
-0.38827706490793423
1.0420913211076628
30.46489925802323
56.2798432644868
39.43210042803326
71.84167885317585
36.059777595404
65.56628511988237
37.69608200578021
68.99935617242772
-0.3882847673314897
1.042073009287655
30.559465461676083
56.1985645728757
39.40587903455491
71.88393555111621
36.03290764743085
65.6587317079464
37.50582257330544
68.81229117420304
-0.3882908596632255
1.0420746686252014
30.656286038615924
56.365069295259744
39.38220371136087
71.83528959532978
35.99653965796106
65.61445336811198
37.3047296415582
68.48201490593154
-0.38829123144845473
1.042084856887091
30.686480132476838
56.56354528231311
39.38146973697471
71.78333024371996
35.99326908780654
65.53618588666924
37.179766968187046
68.09456474641746
-0.388291887790972
1.042086202049057
30.69619259796379
56.625628567740634
39.38432131470106
71.78056547501222
36.00005842721047
65.52683490502478
37.10210684760746
67.85391659413594
-0.38829419024790374
1.0420841658092275
30.72813378725518
56.6340231185522
39.379524929193614
71.78853962159396
35.99280807255694
65.54495951500762
37.013761093591114
67.72217839824513
-0.38829612724618756
1.0420847472875485
30.76652984408829
56.68796360970729
39.37392005099619
71.77988161287406
35.9797770158822
65.53427678017965
36.91926493056676
67.56970408064895
-0.38829717394201924
1.0420865879084906
30.788941431315838
56.76243420623982
39.37288750835104
71.76773507633112
35.97411065825646
65.50796348863871
36.84874462825952
67.39314611108698
-0.38829815493082825
1.0420873388479033
30.80085107187318
56.80645681247865
39.37359596635681
71.76505597067047
35.97326608940435
65.49598380973103
36.80080490364704
67.25939477113758
-0.38829921417206725
1.0420875657208106
30.815004048139905
56.826696132201604
39.373124015456796
71.766638059673
35.97024573456769
65.4954111105607
36.756059448729985
67.17391800918158
-0.38830003054498163
1.0420880826936174
30.831122359059158
56.85096156604677
39.37228773015512
71.76572337330568
35.96532938811205
65.49072607855288
36.710717420800385
67.0957184463096
-0.3883006429075677
1.0420886027367575
30.843295442345493
56.8810973258722
39.372310013550205
71.76370429670406
35.961950541002956
65.48125636143745
36.67326148178313
67.01270769436125
-0.38830123451984866
1.0420888940285271
30.851308389052413
56.90435653720402
39.372825763792264
71.76343015050335
35.96032544371074
65.47449387782521
36.645447907504106
66.94277673332085
-0.38830178007009963
1.0420891503279583
30.85852886518616
56.91888327316768
39.37316439805914
71.76431801436654
35.958674840515286
65.47158707636602
36.62162063563986
66.89228422353146
-0.3883021955097991
1.0420894595641659
30.865878887384675
56.93161702739591
39.37337575258775
71.76485835425038
35.95659299948578
65.46877039684118
36.5990389360979
66.84999219161554
-0.3883025240019503
1.0420896973531522
30.872050797721243
56.94510619801503
39.373721046109274
71.76508012135668
35.95486384480275
65.46486155686262
36.57954256282202
66.80905914428978
-0.38830283306949676
1.0420898410444175
30.87663829369522
56.956680005104744
39.37416373204994
71.76558202555431
35.95373824501983
65.46149765009086
36.564110385495255
66.7731039099576
-0.3883031124981596
1.04208997979882
30.880469798531138
56.965113876640864
39.37455508238709
71.76632955927704
35.952799456289725
65.45938737030441
36.55122763772258
66.74495045423596
-0.38830333318427057
1.0420901351822558
30.884045733192703
56.9720022669195
39.37488460239937
71.76699121557408
35.95182391587909
65.45769631915832
36.53962113921667
66.72182843189755
-0.38830350957145754
1.0420902583561293
30.887152573198254
56.9785228425235
39.375210565533784
71.76752550612538
35.95096109847155
65.45587838764388
36.52948323428573
66.70085287328808
-0.38830366829259416
1.0420903393559586
30.889627602817676
56.984280254023275
39.37553526106702
71.7680635933262
35.9503141714589
65.45422624858257
36.52113346096979
66.68230787643444
-0.38830381055716134
1.0420904111487577
30.89166871425324
56.98883958823514
39.37582677628186
71.76861977136765
35.94979170387524
65.4530014069489
36.51417216579391
66.66707447670652
-0.3883039272625957
1.0420904861672036
30.89347899614925
56.99254739799701
39.37607999142657
71.76912211301762
35.949305200814216
65.45203528292717
36.508087950267985
66.65450007000821
-0.3883040218844234
1.0420905495032915
30.89505830360406
56.99584586556226
39.37631024342477
71.7695535687353
35.948871408339876
65.45112735208075
36.502786517962086
66.643502040354
-0.38830410422363454
1.0420905951536432
30.896364763290123
56.99875265262425
39.376522366418584
71.76994707013804
35.948521971095275
65.45030347201546
36.49832375441795
66.63384935261817
-0.38830417705560666
1.0420906331945865
30.897448418392784
57.00115640387734
39.37671082332319
71.77031455292662
35.94823767737788
65.44964065568324
36.49458008199476
66.6257187425669
-0.3883042383074793
1.0420906699958816
30.89838505262206
57.00313478347232
39.37687491354103
71.77064261731937
35.947987078718874
65.44910820625894
36.49135835026908
66.6189348769897
-0.3883042887951617
1.042090702193229
30.899197784625088
57.0048432514443
39.377019864692016
71.77092725520185
35.94776585219712
65.44863861262041
36.488568513834366
66.61310435137575
-0.3883043319575857
1.0420907271639968
30.899883021853196
57.006333843145846
39.377149056644775
71.77117878177374
35.94758120148599
65.44821992939809
36.486195176992005
66.60803645537352
-0.38830436961889553
1.0420907475841357
30.900456599179133
57.00759240066172
39.37726262225287
71.77140427985448
35.94742874981763
65.44786974118531
36.48419088470129
66.60371882099614
-0.38830440168926433
1.0420907661676881
30.900946782856785
57.00864178814501
39.37736124604119
71.77160318049616
35.947297643482074
65.44758241712441
36.482477563069956
66.60008195055708
-0.3883044284950586
1.0420907825658277
30.901369375709137
57.00953704904015
39.37744722738564
71.77177575666047
35.94718333639831
65.44733576515382
36.48100228459278
66.596977799501
-0.38830445125869706
1.0420907959181906
30.90172877876022
57.010310851251944
39.37752258531257
71.77192618872978
35.94708637173778
65.44711964448139
36.4797419160912
66.59430046431564
-0.38830447091495096
1.042090806880094
30.902031942187847
57.01096999289905
39.377588288621126
71.77205838877077
35.94700527635096
65.4469358359301
36.478672140992316
66.59201008363787
-0.38830448773054316
1.042090816485464
30.902290015389458
57.01152504709209
39.37764516424253
71.77217391480903
35.94693619209867
65.446782521262
36.47775971891856
66.59006808265993
-0.38830450192310995
1.0420908249145018
30.902511420037403
57.011996835289466
39.37769440623892
71.77227392691506
35.946876541613314
65.44665215902994
36.4769771379264
66.58841368063678
-0.38830451396345755
1.042090831972597
30.902700357128598
57.01240199251106
39.37773715968548
71.77236050513544
35.94682562080843
65.44653935103236
36.47630775662966
66.58699387513498
-0.38830452429261303
1.0420908378310745
30.902860580424946
57.012748153007365
39.377774212944864
71.77243577007238
35.946782644530224
65.4464428494167
36.47573777799916
66.58577830414994
-0.3883045331358617
1.0420908428662543
30.902996894129487
57.01304153181731
39.377806194364105
71.77250109546253
35.94674612240969
65.44636147545143
36.47525178039116
66.58474355711431
-0.38830454064395303
1.0420908472441488
30.903113492886714
57.01329087320496
39.37783377132505
71.7725575011864
35.9467147814876
65.44629241511643
36.474835907279974
66.58386193583969
-0.3883045470212175
1.0420908509610562
30.903213090998452
57.01350420563953
39.37785758105484
71.77260613842142
35.94668798031015
65.446233104477
36.474480203234606
66.58310744720617
-0.3883045524732947
1.0420908540791187
30.903297829768462
57.01368657202531
39.37787812780451
71.77264815716826
35.9466652323338
65.44618231316467
36.47417677947636
66.58246175614799
-0.3883045571382064
1.0420908567375735
30.90336997005509
57.01384171480361
39.377895818701376
71.77268445034967
35.94664589342676
65.44613920659538
36.473917965808546
66.5819109658368
-0.3883045611115627
1.0420908590306892
30.903431583536666
57.01397371084682
39.37791103378323
71.77271571246303
35.946629353797526
65.44610258922545
36.47369676228496
66.58144135306424
-0.3883045644920601
1.0420908609886916
30.903484216933876
57.01408644070822
39.37792412513861
71.77274260173525
35.946615210268455
65.44607126612614
36.47350763728116
66.58104001193026
-0.38830456737781743
1.0420908626440435
30.903529080498615
57.01418278070838
39.37793538816707
71.77276574516686
35.946603167439726
65.44604445811942
36.473346166810096
66.58069677082663
-0.3883045698448862
1.0420908640522595
30.90356730856973
57.014264904678654
39.37794506657384
71.77278566738204
35.946592917328154
65.44602162723949
36.473208370635334
66.58040369273726
-0.3883045719495186
1.042090865260515
30.90359993859974
57.014334859534245
39.37795337570788
71.77280279297396
35.946584164505545
65.44600220272638
36.47309066187708
66.58015363741794
-0.3883045737426417
1.0420908662938653
30.903627808019635
57.01439456294878
39.37796050931458
71.77281749756266
35.94657668344075
65.44598561603755
36.472990062259456
66.57994005644485
-0.3883045752726513
1.0420908671718345
30.90365158630148
57.014445566070584
39.377966633658424
71.77283012418414
35.94657030305137
65.44597143280136
36.47290414037485
66.57975749495807
-0.3883045765798804
1.0420908679188097
30.903671863592173
57.014489086559415
39.377971888227854
71.77284096802236
35.94656486621163
65.44595933333119
36.47283078823831
66.5796015550359
-0.38830457769581067
1.04209086855787
30.903689169373685
57.01452619371276
39.37797639358532
71.7728502744372
35.946560226072684
65.44594902478248
36.472768140999285
66.57946843991455
-0.3883045786475276
1.0420908691043622
30.903703947977185
57.01455785939817
39.37798025592895
71.77285825498925
35.946556261937246
65.44594022743206
36.47271461461891
66.57935476115448
-0.38830457945961216
1.0420908695700193
30.903716563194426
57.01458490305224
39.377983566939776
71.77286509740212
35.94655287843072
65.44593270997765
36.47266889217181
66.57925762802952
-0.38830458015320346
1.0420908699665474
30.903727327170127
57.0146079897969
39.37798640437834
71.77287096430268
35.94654999276425
65.44592629229837
36.472629848840846
66.5791746508261
-0.3883045807454541
1.0420908703053084
30.903736514555302
57.014627687467836
39.377988834920565
71.7728759930764
35.9465475300852
65.44592081907624
36.47259650449182
66.57910379699223
-0.38830458125085476
1.0420908705948893
30.9037443596919
57.01464449864615
39.37799091648862
71.77288030123916
35.94654542679209
65.44591614838606
36.47256801960412
66.57904328882826
-0.38830458168222143
1.042090870841898
30.903751057961586
57.014658854053444
39.3779926990878
71.77288399118787
35.9465436309702
65.44591215886184
36.472543687285224
66.5789915982697
-0.3883045820505656
1.0420908710525385
30.90375677545576
57.01467111152477
39.37799422538514
71.77288715157405
35.94654209848338
65.4459087520592
36.47252290639803
66.5789474413674
-0.38830458236511356
1.0420908712323689
30.903761656259444
57.01468157405359
39.377995531861075
71.77288985794429
35.946540790445745
65.44590584476182
36.47250515837019
66.57890972953362
-0.3883045826336523
1.042090871385983
30.903765823947737
57.014690505052194
39.3779966499669
71.77289217477112
35.94653967345332
65.44590336333536
36.4724899982143
66.57887752260774
-0.38830458286288905
1.0420908715171524
30.90376938278747
57.01469813114688
39.37799760679246
71.77289415769977
35.94653871961326
65.44590124423016
36.472477048362755
66.57885001193118
-0.38830458305863985
1.0420908716290482
30.903772421260726
57.014704643355444
39.37799842551299
71.77289585474993
35.94653790534697
65.44589943448173
36.47246598778443
66.57882651168501
-0.38830458322581113
1.042090871724567
30.903775015473638
57.01471020336056
39.37799912593866
71.77289730699437
35.94653721021279
65.44589788949519
36.47245654109023
66.57880643982809
-0.3883045833685456
1.042090871806177
30.903777230727325
57.01471495029059
39.377999725072456
71.77289854950662
35.946536616617294
65.44589657055872
36.47244847215275
66.57878929701123
-0.38830458349040703
1.042090871875873
30.90377912248174
57.01471900375445
39.378000237525384
71.77289961239536
35.94653610970532
65.44589544424963
36.47244157980345
66.57877465449828
-0.3883045835944926
1.0420908719352986
30.903780737865286
57.01472246532783
39.37800067580437
71.77290052156432
35.946535676875484
65.44589448236559
36.47243569277474
66.5787621469796
-0.3883045836833653
1.0420908719861088
30.903782117228932
57.014725421204275
39.37800105060126
71.77290129919022
35.9465353073145
65.4458936610262
36.47243066460443
66.57875146373833
-0.38830458375926225
1.0420908720294673
30.903783295153744
57.01472794516673
39.37800137107219
71.77290196422291
35.946534991727944
65.44589295974319
36.47242636983341
66.57874233914852
-0.38830458382407296
1.0420908720665032
30.9037843011074
57.01473010051578
39.37800164508701
71.77290253288062
35.94653472221106
65.44589236087502
36.4724227013579
66.57873454551314
-0.38830458387940614
1.0420908720981517
30.903785160178582
57.01473194120289
39.37800187935813
71.77290301913034
35.946534492055555
65.44589184941248
36.472419567933635
66.5787278883652
-0.38830458392668266
1.0420908721251085
30.90378589379678
57.01473351313309
39.37800207963244
71.77290343487391
35.94653429552145
65.44589141263313
36.47241689158805
66.57872220214178
-0.38830458396704587
1.0420908721481903
30.903786520310014
57.01473485549872
39.37800225083444
71.77290379029945
35.946534127685474
65.44589103965575
36.47241460560803
66.57871734539673
-0.38830458400152645
1.0420908721678588
30.903787055375112
57.014736001876756
39.37800239717765
71.77290409414104
35.94653398434927
65.44589072113769
36.47241265300886
66.57871319706594
-0.3883045840309584
1.0420908721847062
30.903787512343253
57.0147369809248
39.37800252226042
71.77290435387496
35.94653386192411
65.44589044911504
36.47241098519633
66.5787096537057
-0.38830458405611434
1.0420908721990236
30.903787902598243
57.01473781707882
39.37800262917125
71.77290457588056
35.94653375738055
65.44589021676603
36.47240956065153
66.57870662713684
-0.38830458407759655
1.0420908722112918
30.903788235893145
57.014738531157306
39.37800272054211
71.77290476564069
35.946533668100955
65.44589001835283
36.47240834387554
66.5787040420313
-0.3883045840959228
1.0420908722218063
30.90378852055181
57.01473914100752
39.378002798629524
71.77290492782217
35.94653359185457
65.44588984890801
36.47240730456666
66.57870183396211
-0.38830458411158403
1.0420908722307356
30.90378876366702
57.01473966186683
39.37800286536075
71.77290506642991
35.946533526726675
65.44588970420111
36.4724064168446
66.57869994793876
-0.3883045841249783
1.042090872238333
30.90378897130028
57.01474010671196
39.37800292238655
71.77290518488194
35.94653347110614
65.44588958059111
36.47240565858962
66.57869833700298
-0.38830458413640373
1.042090872244883
30.903789148636246
57.01474048663099
39.37800297112328
71.77290528610608
35.946533423605295
65.44588947502429
36.47240501091146
66.57869696101203
-0.3883045841461622
1.0420908722504552
30.903789300095895
57.014740811112944
39.37800301276066
71.77290537262456
35.94653338303796
65.44588938486784
36.47240445771904
66.57869578566884
-0.38830458415448843
1.0420908722552313
30.90378942945213
57.01474108824894
39.37800304834428
71.77290544653573
35.946533348380356
65.44588930787499
36.472403985212985
66.5786947817957
-0.388304584161601
1.042090872259294
30.903789539938828
57.01474132493772
39.378003078745756
71.77290550970547
35.94653331878684
65.44588924209187
36.47240358160841
66.5786939243509
-0.38830458416768276
1.042090872262756
30.90378963430621
57.01474152710073
39.37800310472097
71.77290556367545
35.94653329351045
65.4458891859231
36.47240323686634
66.57869319193611
-0.38830458417287544
1.0420908722657207
30.903789714900125
57.01474169977194
39.37800312691717
71.77290560978707
35.946533271924615
65.44588913794634
36.47240294241161
66.57869256633391
-0.38830458417731045
1.0420908722682527
30.903789783736986
57.01474184723839
39.378003145879184
71.7729056491925
35.946533253484844
65.44588909697679
36.472402690900836
66.57869203199145
-0.388304584181096
1.0420908722704174
30.903789842532642
57.01474197319197
39.37800316208324
71.77290568285495
35.94653323773548
65.44588906197674
36.472402476067714
66.5786915755801
-0.3883045841843375
1.0420908722722504
30.903789892748236
57.014742080774234
39.37800317592419
71.77290571162405
35.94653322428915
65.44588903208151
36.47240229257293
66.57869118572279
-0.3883045841870969
1.042090872273847
30.90378993564182
57.014742172654756
39.37800318774877
71.77290573619658
35.94653321279013
65.4458890065645
36.47240213583901
66.57869085273812
-0.3883045841894552
1.04209087227519
30.90378997227614
57.014742251139864
39.378003197851726
71.77290575718897
35.94653320298226
65.44588898473381
36.47240200196242
66.57869056831606
-0.3883045841914738
1.0420908722763338
30.90379000356548
57.01474231817174
39.3780032064816
71.77290577512618
35.946533194608385
65.44588896611621
36.4724018876143
66.5786903253706
-0.3883045841932007
1.042090872277314
30.903790030290775
57.01474237542308
39.37800321385176
71.77290579044836
35.94653318744777
65.44588895022474
36.47240178994849
66.57869011786315
-0.38830458419466335
1.0420908722781743
30.903790053117113
57.01474242432364
39.37800322015871
71.77290580352917
35.94653318132844
65.4458889366343
36.47240170650945
66.57868994063715
-0.38830458419592295
1.042090872278873
30.903790072614793
57.014742466089565
39.3780032255398
71.77290581472995
35.94653317610636
65.44588892501773
36.47240163524534
66.57868978921927
-0.3883045841969974
1.0420908722794877
30.903790089266238
57.014742501766285
39.37800323013588
71.77290582428412
35.94653317165082
65.44588891510351
36.47240157438697
66.57868965989184
-0.38830458419791447
1.0420908722800126
30.9037901034906
57.014742532233484
39.378003234062334
71.7729058324443
35.94653316783285
65.44588890665102
36.47240152239877
66.57868954945506
-0.3883045841986917
1.0420908722804696
30.903790115641474
57.014742558259755
39.37800323741634
71.77290583941536
35.94653316457788
65.44588889940196
36.472401477992975
66.57868945511343
-0.3883045841993711
1.0420908722808164
30.903790126017796
57.01474258049358
39.378003240279035
71.77290584537137
35.94653316180309
65.44588889322152
36.472401440064104
66.57868937453068
-0.3883045841999546
1.0420908722811342
30.90379013487867
57.01474259948014
39.37800324272828
71.77290585045222
35.94653315942909
65.44588888795597
36.472401407657784
66.57868930570562
-0.38830458420043784
1.0420908722814421
30.90379014245097
57.01474261569188
39.37800324481977
71.7729058548012
35.94653315740181
65.4458888834496
36.47240137998105
66.57868924689679
-0.388304584200858
1.0420908722816629
30.903790148914773
57.01474262954863
39.378003246604415
71.77290585851543
35.94653315566743
65.4458888796028
36.47240135635596
66.57868919666592
-0.38830458420121383
1.0420908722818774
30.903790154436365
57.01474264137551
39.37800324813529
71.77290586168141
35.94653315417975
65.4458888763132
36.47240133616292
66.57868915379971
-0.3883045842015088
1.042090872282066
30.903790159156983
57.0147426514768
39.37800324943725
71.7729058644021
35.946533152923735
65.4458888734837
36.47240131891259
66.57868911715669
-0.3883045842017673
1.0420908722821998
30.90379016318655
57.01474266011528
39.37800325055302
71.77290586671253
35.946533151841344
65.44588887110307
36.47240130418255
66.57868908585026
-0.3883045842019927
1.042090872282321
30.903790166628177
57.01474266748849
39.378003251502335
71.77290586869512
35.94653315092189
65.44588886904685
36.47240129160245
66.57868905911936
-0.3883045842021857
1.042090872282427
30.903790169566232
57.014742673786465
39.37800325231473
71.77290587038014
35.946533150139764
65.4458888673003
36.47240128085533
66.57868903629095
-0.3883045842023486
1.0420908722825235
30.903790172076853
57.014742679161856
39.37800325300829
71.77290587182243
35.946533149461914
65.44588886581951
36.4724012716761
66.57868901678829
-0.3883045842024859
1.0420908722826054
30.903790174222287
57.014742683755344
39.37800325360105
71.77290587305379
35.946533148884896
65.44588886453198
36.47240126383649
66.5786890001308
-0.3883045842026028
1.0420908722826743
30.903790176054642
57.01474268768086
39.37800325411051
71.77290587410513
35.9465331483944
65.44588886343574
36.47240125713208
66.57868898590749
-0.3883045842027007
1.042090872282732
30.903790177619513
57.01474269103363
39.37800325453969
71.77290587501219
35.94653314797784
65.44588886250385
36.47240125142252
66.57868897373447
-0.3883045842027855
1.04209087228278
30.903790178955337
57.014742693897205
39.37800325490846
71.772905875773
35.94653314762169
65.44588886171336
36.472401246538965
66.57868896337627
-0.3883045842028647
1.0420908722828108
30.903790180096458
57.0147426963413
39.378003255226375
71.77290587642666
35.946533147314256
65.44588886103857
36.47240124235604
66.57868895451912
-0.3883045842029263
1.0420908722828581
30.903790181073095
57.014742698428535
39.37800325549682
71.77290587699173
35.94653314705283
65.44588886045449
36.47240123878637
66.5786889469266
-0.3883045842029812
1.0420908722828843
30.903790181905023
57.01474270021656
39.37800325572656
71.77290587747271
35.94653314682443
65.44588885996001
36.472401235747334
66.5786889404442
-0.3883045842030257
1.0420908722829156
30.903790182615886
57.014742701738896
39.378003255921875
71.77290587788065
35.94653314663999
65.44588885952278
36.47240123315052
66.57868893492981
-0.3883045842030635
1.0420908722829372
30.903790183223744
57.01474270303918
39.37800325609073
71.77290587822664
35.94653314647402
65.44588885917581
36.472401230927794
66.57868893021994
-0.38830458420311337
1.0420908722828754
30.903790183740348
57.01474270415258
39.37800325624291
71.77290587852357
35.946533146308255
65.44588885887336
36.47240122902194
66.57868892619122
-0.3883045842032551
1.0420908722800288
30.903790184820373
57.01474270464268
39.378003253735486
71.77290587973023
35.946533140758326
65.44588886095667
36.472401225830154
66.57868892310557
-0.38830458399030565
1.0420908726541762
30.903790183439575
57.01474270602357
39.37800317671185
71.77290590150382
35.94653306214471
65.44588887724967
36.472401295166925
66.57868888207048
-0.38830459052364547
1.0420908559783446
30.903792213885303
57.014741672329365
39.37800214899982
71.7729061185536
35.946544021000875
65.44588442280889
36.472399031884734
66.57869016997505
-0.3883048678945764
1.0420903496788447
30.903537008899594
57.014897083153706
39.37912785128102
71.77250248087871
35.94893374980185
65.44506512885168
36.47303230138682
66.57846771742237
-0.38828347885710096
1.0421232033719718
30.934415755599613
56.99530368241261
39.24500071987353
71.82087369443155
35.652127954852105
65.55510917944373
36.340914554588124
66.62478673662928
-0.38760446271672827
1.0429476648292177
30.98586750204618
57.06374726979346
40.08585078234578
71.22760968910768
37.703062105657374
64.17846394976702
37.23628939495157
66.01785683145646
-0.39113633018681954
1.0373678281458905
29.618544900488796
57.793982893957605
42.60521711691568
72.13467580936411
40.58413998385757
67.5340618871514
41.06459596693465
66.53359190401137
-0.3951612460715498
1.032156092375425
28.21875203556328
55.464413221725586
42.245135338879486
77.9078585528394
42.69060105940262
73.2324301561577
39.46448392785537
75.69198834098403
-0.39514112173244137
1.0379460384588792
30.853374618633957
51.42759850525709
40.815232847104426
77.6842489740794
43.101452691147095
77.76478282255312
37.77596549159778
72.91520500483854
-0.3969963454797555
1.0361219319617159
27.326274323226375
58.53875097545723
41.444297240867044
74.44762197587896
40.89147615516428
79.57952239987992
37.83957449607448
69.2781157975503
-0.3970071837065206
1.0389489320759109
25.466479365101502
51.57618859401276
42.287696352935086
75.4727291167383
40.883390232108695
74.73840342578757
39.7305152720436
68.62150376496064
-0.3954441348414475
1.0462091430876093
27.304453146266283
46.828202539160074
40.71723611236688
77.83681258114724
39.07801353041337
75.22374683748436
38.13977905908455
73.25853585630439
-0.39507274819709215
1.0444291764815354
28.598639304588584
50.305877354010555
39.90522846946485
74.72646913866208
38.49015215183966
71.48449457211701
35.862094945113896
70.74983234050706
-0.39499241755683473
1.0440051282263128
27.456751281310506
53.52359885742349
40.68076316778239
72.61992060124098
39.424837034383174
69.79699420930648
37.054893634819486
65.23427592331431
-0.39498893882087616
1.0439058653194078
26.20004797966355
51.52531663290611
40.97701559033115
74.20611490126917
39.83373589471764
71.70034991196124
38.91297272290629
67.03973923450242
-0.3950844265487373
1.043736994442085
26.97804625586632
48.530023725146734
40.785852542465136
74.9335836444439
39.48398064629513
72.74178978971042
38.352725045260875
71.37216876645596
-0.3952470913697167
1.0436183364739593
27.86231168175722
49.87681513244226
40.40596715466353
74.66686290077016
38.96929662673615
72.17622620381245
36.380498557343394
70.99469704700269
-0.3951227115456533
1.0440614358986344
27.555742862243275
51.89516644197472
40.62585583243876
73.74100575869588
39.24259213512495
70.92882599307381
36.87133233662818
66.45110325408874
-0.3950414068544843
1.0440133986678148
26.739690946422243
51.54003057017326
40.78495419162633
74.16571998760118
39.58104309569611
71.40278676248427
38.52833576616397
66.80639902088025
-0.3950642705001924
1.043849620788699
26.938244855626202
49.70549935655212
40.76073701034685
74.52267807000483
39.5132442558475
72.17278358969966
38.41272013078663
70.49835232998402
-0.3951576423371425
1.0437303474310202
27.56948979847755
49.898508913931536
40.62317325808133
74.5209983430658
39.22037765804385
72.13621908050337
36.89087776811353
70.90579846188459
-0.39512424279070335
1.043923883289257
27.542204758735455
51.268255558325166
40.651296744248576
74.20674674227796
39.250329815899114
71.47821380871964
36.86875488789326
67.57195197114427
-0.3950611939679968
1.0439796940699522
27.013175241605992
51.40836290107357
40.7332009894162
74.2410826839885
39.47390450267688
71.46119432533285
38.16944979427497
66.95757757642131
-0.39506396184502146
1.0438797092819123
26.974798637984982
50.28114586080803
40.736059063444884
74.4194235251839
39.489896445164895
71.94654101646606
38.362458900270425
69.73054365476908
-0.39511684124303875
1.0437952071551695
27.410777421162763
50.03568833350352
40.69502530303631
74.43756369979275
39.32498819230998
72.04244948752574
37.262660260627975
70.63376840779766
-0.39511773611359624
1.043872857224824
27.49835944734434
50.94227292580105
40.67692072070416
74.35390077294946
39.28118388961865
71.69596799922967
36.96116807068164
68.34795476744277
-0.3950722327332996
1.0439500458070017
27.158329819553536
51.25908648965575
40.719298338706174
74.30133592657596
39.4230845406075
71.54761319888678
37.892370873830615
67.28123265021866
-0.3950665937868647
1.043891566880028
27.0298976219386
50.57356565929651
40.72417651043173
74.39353182373368
39.46619759893493
71.84396775262299
38.25267375118539
69.16922513149827
-0.39509757501707377
1.043830356675169
27.31765676774934
50.18891006808066
40.717040555332346
74.4031483628379
39.37157361240757
71.97219392649049
37.51208791802799
70.28385132361299
-0.3951102061935068
1.0438560286721916
27.44957267730177
50.759694553490235
40.69434757270976
74.39535435771204
39.30998145837032
71.78716348050024
37.09497159187835
68.83759628532027
-0.39507928960927385
1.0439262988560365
27.238281671882074
51.12364427561545
40.71571260078936
74.33985310707027
39.39643549412829
71.62030349659837
37.70469075996161
67.6566635147299
-0.3950695745807663
1.0438967789136937
27.086161660801817
50.72493159365389
40.720256521022996
74.38671530701163
39.44700414129699
71.79239611145316
38.12216654777471
68.81369010729435
-0.39508800681224054
1.0438505258284612
27.262808620806364
50.33059527594258
40.72259032893666
74.39291963346614
39.39349040023076
71.92185731795641
37.664839177338465
69.93042199458687
-0.3951032392320658
1.0438529592314394
27.403110155083503
50.65881395580622
40.70532354600689
74.40346506593772
39.33379806354876
71.82626137943573
37.23496207050638
69.11231092544992
-0.3950838857329384
1.0439078923777967
27.281222653923585
51.007189400747045
40.7147992139261
74.36358142906906
39.38217864189784
71.6775890543083
37.59257618383196
68.01276895602939
-0.3950725784514045
1.0438982929335143
27.136736971945904
50.79856377107795
40.7194045320825
74.38441870563744
39.43120613093886
71.76661293141393
37.995217490535076
68.62271839094113
-0.3950832156130865
1.0438629857524742
27.233085009853706
50.450728792048494
40.723116143538306
74.39128584538238
39.40351856018755
71.88358310873033
37.74700430118952
69.61558036393068
-0.3950973714777379
1.043855352050922
27.362100539700165
50.610081266629315
40.71202206172262
74.40233576690927
39.35267775725663
71.84123839199792
37.36123883979679
69.2379383461583
