unknown HMM
[1.0, 0.0, 0.0, 0.0, 0.0]
0.516307552004598 0.03315479344649208 0.0037397417615651074 0.3996888987270363 0.04710901406030854 
0 1 2 3 4 
0.00043643136971405205 0.13828352695847113 0.12204627217114117 0.5097782928943099 0.19639386604460973 0.03306161056175405 
a b c d e f 
0.23799372662548735 0.42441257867120386 0.06232240169159442 0.034502434798868165 0.24076885821284622 
0 1 2 3 4 
0.1602120126146418 0.09939043627671962 0.2096441654265363 0.12278798548571934 0.21770828158327138 0.19025711861311156 
a b c d e f 
0.005115878427368381 0.19926332546387615 0.32367332402065063 0.32176747261269023 0.1501799994754146 
0 1 2 3 4 
0.20128367296684335 0.1734874837520275 0.20809569485390123 0.054690219661840844 0.2808247299723011 0.08161819879308596 
a b c d e f 
0.021605234993158806 0.0762031712378416 0.5571127741260248 0.23579742992491948 0.10928138971805534 
0 1 2 3 4 
0.12503507363982347 0.020507999193163817 0.14286767339759399 0.092274551899029 0.2678722871556072 0.35144241471478255 
a b c d e f 
0.4259123350918398 0.11999787374719373 0.05002200517983213 0.31928317500307346 0.08478461097806089 
0 1 2 3 4 
0.17015518026854648 0.394181811140332 0.08213839883260476 0.14672234798095818 0.20455322558013278 0.00224903619742578 
a b c d e f 
