unknown coHMM
[4.7132395705266983e-05, 0.03591671113347732, 0.31707656896431613, 0.5918891381712648, 0.05507044933523655]
0.380168 9e-06 0.009387 0.483999 0.126436 
0 1 2 3 4 
[-0.5432952154171852, 0.29202748064133077]
0.000749 0.345623 0.001898 0.609245 0.042486 
0 1 2 3 4 
[-0.42902988774768497, 2.198930134222074]
0.003712 0.034075 0.956256 0.001492 0.004464 
0 1 2 3 4 
[-0.5076190592421824, 0.9938037830733818]
0.045828 0.028565 0.012088 0.905351 0.008167 
0 1 2 3 4 
[0.37835378232856076, 0.6944168465745794]
0.006818 1.6e-05 0.609027 0.384112 2.8e-05 
0 1 2 3 4 
[-0.24788032082745473, 0.1162379501631242]
