unknown coHMM
[0.15925682785956022, 0.053887475141059224, 0.1846666468095606, 0.28951405623447274, 0.3126749939553473]
0.943777 0.008088 0.048136 0.0 0.0 
0 1 2 3 4 
[-0.8767992075723253, 0.2772834639977784]
0.034752 0.951975 0.0 0.0 0.013273 
0 1 2 3 4 
[-0.15374869883489467, 2.365076113732401]
0.040453 -0.0 0.902542 0.057004 -0.0 
0 1 2 3 4 
[-0.2919980811535573, 0.11368643531899625]
-0.0 -0.0 0.035777 0.929424 0.034799 
0 1 2 3 4 
[0.0051449957070536815, 0.08123720305202034]
-0.0 0.005702 1e-06 0.028964 0.965333 
0 1 2 3 4 
[0.6776977604240384, 0.30314486326992074]
