unknown coHMM
[0.1452251433467, 0.25358422444591333, 0.19753183579254063, 0.07880893097323108, 0.324849865441615]
0.954525 -0.0 0.0417 0.003775 -0.0 
0 1 2 3 4 
[0.8794331142815794, 0.22131100885399652]
-0.0 0.947774 -0.0 0.015135 0.037091 
0 1 2 3 4 
[-0.46838817512449005, 0.2197694145027394]
0.032931 0.000131 0.915888 0.0 0.05105 
0 1 2 3 4 
[0.36497142248402953, 0.1372161490730039]
0.004334 0.046342 -0.0 0.949324 -0.0 
0 1 2 3 4 
[-0.8925665933522534, 2.3908053180805577]
0.0 0.032427 0.031797 0.0 0.935777 
0 1 2 3 4 
[-0.020325295125543333, 0.0796781441296983]
