unknown coHMM
[0.16752728928425697, 0.260834855584745, 0.1751131092203169, 0.09701634538436513, 0.2995084005263159]
0.938469 -0.0 0.049149 0.012382 -0.0 
0 1 2 3 4 
[0.7229319138164076, 0.22548614064811243]
-0.0 0.944103 -0.0 0.014983 0.040914 
0 1 2 3 4 
[-0.42372906270078714, 0.1875455292088222]
0.053366 1e-06 0.879116 0.000195 0.067322 
0 1 2 3 4 
[0.26581042891446927, 0.11078470630390232]
0.015865 0.041988 0.0 0.942147 0.0 
0 1 2 3 4 
[-0.4350117563234074, 2.523162684458334]
0.0 0.03656 0.040233 0.0 0.923208 
0 1 2 3 4 
[-0.04071958927901723, 0.07356595367999864]
