unknown coHMM
[7.122122705325364e-164, 2.3919772697223228e-166, 1.1690405923025113e-193, 1.790990093531191e-272, 1.0000000000000002]
0.676 0.222 0.067 0.004 0.031 
0 1 2 3 4 
[43.882619659824215, 80.17436785207245]
0.09 0.516 0.355 0.003 0.036 
0 1 2 3 4 
[45.029838283626816, 82.36182512434058]
0.028 0.031 0.888 0.037 0.016 
0 1 2 3 4 
[49.93518920475641, 91.26358740331757]
0.014 0.003 0.058 0.924 0.001 
0 1 2 3 4 
[55.113845411415404, 100.70088421199831]
0.035 0.019 0.012 0.0 0.934 
0 1 2 3 4 
[-0.4293425107512378, 1.0470113832441053]
