unknown coHMM
[0.19892739909202153, 0.15872398551756953, 0.28729866006465044, 0.2434250487827029, 0.1116249065430555]
0.899913 0.041644 0.056896 0.001547 -0.0 
0 1 2 3 4 
[0.19992379620064046, 0.0785022725768416]
0.043524 0.945497 -0.0 1e-06 0.010978 
0 1 2 3 4 
[0.5524919522211917, 0.1681165684668335]
0.03876 0.0 0.925857 0.035383 0.0 
0 1 2 3 4 
[-0.009912092402741081, 0.04909792135209266]
8.7e-05 -0.0 0.04229 0.937437 0.020186 
0 1 2 3 4 
[-0.3260704050309675, 0.17071400134713996]
-0.0 0.011701 -0.0 0.043302 0.944997 
0 1 2 3 4 
[-0.3869036831435233, 2.6113568169103933]
