unknown coHMM
[0.14502169075951424, 0.23230453246587363, 0.1735720165173258, 0.2702691285776978, 0.17883263167958852]
0.954168 -0.0 -0.0 0.021283 0.024549 
0 1 2 3 4 
[0.035619477570061515, 3.3799902199166487]
1e-06 0.903345 0.049318 0.045921 0.001416 
0 1 2 3 4 
[0.0023955537011153116, 0.10744312565900793]
-0.0 0.066938 0.88651 1e-06 0.046551 
0 1 2 3 4 
[-0.3134433495523481, 0.10828041384788761]
0.014548 0.036482 2e-06 0.948968 1e-06 
0 1 2 3 4 
[0.7356926124326689, 0.32149148971415387]
0.015295 2e-06 0.050971 1e-06 0.933731 
0 1 2 3 4 
[-0.8318659507655594, 0.244836772546679]
