#### Simulations (1)
# sum (i:(const (label id_t:(range (int) "0" "N - 1")))) Train[i].Stop #1
0.0 0.0
0.0 0.0
4.549752064402268 0.0
4.549752064402268 0.0
4.549752064402268 1.0
9.349720850320551 1.0
9.349720850320551 1.0
9.349720850320551 2.0
9.971640803394388 2.0
9.971640803394388 2.0
9.971640803394388 3.0
18.85487399578971 3.0
18.85487399578971 3.0
18.85487399578971 4.0
23.22450670446666 4.0
23.22450670446666 4.0
23.22450670446666 3.0
24.03315547624843 3.0
24.03315547624843 3.0
24.03315547624843 4.0
36.49683209276824 4.0
36.49683209276824 4.0
36.49683209276824 5.0
39.21302675675066 5.0
39.21302675675066 5.0
39.21302675675066 4.0
49.97283027121263 4.0
49.97283027121263 4.0
49.97283027121263 3.0
54.86765304628974 3.0
54.86765304628974 3.0
54.86765304628974 4.0
62.31701219419226 4.0
62.31701219419226 4.0
62.31701219419226 5.0
66.4830773816018 5.0
66.4830773816018 5.0
66.4830773816018 4.0
68.15774545609696 4.0
68.15774545609696 4.0
68.15774545609696 5.0
77.52594308681252 5.0
77.52594308681252 5.0
77.52594308681252 4.0
91.01818088510868 4.0
91.01818088510868 4.0
91.01818088510868 5.0
96.45111239036011 5.0
96.45111239036011 5.0
96.45111239036011 4.0
106.4214735579251 4.0
